marca,model,pret,capacitate motor,putere,combustibil,caroserie,rulaj,culoare,an fabricatie,cutie viteza,descriere
seat,Leon,3 450 €,1 600 cm³,N/A,Diesel,Hatchback,203 124 km,Negru,2010,Manuala,"Seat Leon
An fab 2010
Mot 1.6 diesel
Inchidere centralizata
Geamuri electrice
Oglinzi electrice
Clima
Servo direcție
Jante aliaj
Proiectoare ceata
Spălător faruri
Recent Înmatriculat
Ofer fiscal pe loc
Radio cd original
5+1 viteze
Mai multe informații la telefon."
seat,Leon,6 500 €,1 198 cm³,105 CP,Benzina,Hatchback,150 000 km,Alb,2013,Manuala,"Vând Seat Leon, 150.000 km, an fabricație 2013, euro 5, motor 1.2 TSI, 105  CP, cutie manuala 6+1 viteze. Mașina este într-o stare foarte bună tehnic și estetic, are carte service. Este motorul cu distribuția pe curea ( schimbat kitul în urmă cu 5.000 km) cat și uleiul cu filtre. Faruri LED față-spate, trapa, bluetooth, navigație cu touch-screen. RAR-ul este făcut. Preț 6.500 euro. Mai multe detalii ofer telefonic : 07******95"
seat,Ibiza,4 399 €,1 396 cm³,86 CP,Benzina,Break,132 000 km,Negru,2013,Manuala,"Seat Ibiza FR Facelift
2013 / 06
Euro 5
132.000 cu carte service și TUV ( video din curtea proprietarului neamt)
Motor benzină clasic 1.4 MPI - 86 cp
Climatic
Geamuri electrice
Încălzire scaune
ESP
Auto HOLD ( asistentă la plecarea din pantă/rampă
Aux
Sistem ISOFIX
Torpedou frigorific
Deflector aer capotă
DRL
Jante originale cu anvelope noi Nokian de iarnă
Kit roata rezervă
Un singur proprietar în Germania
Mașina venită pe roți
Fără rugină
Fără accident
Mai multe poze în privat!"
seat,Leon,7 250 €,1 968 cm³,150 CP,Diesel,Break,318 500 km,Gri,2014,Manuala,"Vând Seat Leon ST FR, an 2014, motor 2.0 TDI 150 CP, cutie manuală, Euro 5. Mașina este în stare foarte bună, bine întreținută, fără probleme tehnice.
Kilometraj: 318xxx km
Dotări FR: faruri full LED cu spalatoare, scaune sport, volan îmbrăcat în piele, jante din aliaj (set vara/set iarna)
Alte dotări: dublu climatronic, senzori parcare față/spate, navigație cu conexiune BT, cruise control, scaune incalzite, SEAT Drive Mode (3 moduri de condus + mod individual)
Istoric întreținere cu facturi de cand am achizitionat-o pana in acest moment, revizii la zi, fără accidente.
Detin si raport CarVertical din momentul achizitiei.
Pentru mai multe informații sau vizionare, nu ezitati sa ma contactati."
seat,Exeo,4 550 €,1 968 cm³,143 CP,Diesel,Break,259 580 km,Gri,2013,Manuala,"Seat Exeo-an fabricatie 2013 2.0tdi, 143 cp , 6+1 viteze, euro 5.
Dublu climatronic;
Computer Bord;
Pilot Automat;
Comenzi volan;
Volan piele reglabil;
4 geamuri electrice;
Oglinzi helomate;
Oglinzi rabatabile electric;
Cotiere fata-spate;
Navigatie, magazie de CD-uri, SD Card, AUX, USB, Bluetooth, inclusiv comenzi vocale
Priza 12V in portbagaj;
Senzori lumină;
Senzori ploaie;
Scaune reglabile pe înălțime și lombar;
Incalzire scaune fata;
10 x airbag;
Airbag cortina;
ABS ESP;
Bixenon adaptiv;
Day Light Led;
Led Faruri și Stopuri
Proiectoare;
Follow me home;
Jante r16 cauciucuri vara, stare foarte buna,
Carte service, import Germania, tehnic si estetic în stare impecabila; un singur proprietar in Germania, etc."
seat,Exeo,3 999 €,1 980 cm³,170 CP,Diesel,Break,326 000 km,Negru,2011,N/A,"Vand Seat Exeo ST
-326.000 Km Reali!
-2.0 TDI 170 cai
-2011 Euro 5
Dotari
-Dublu Climatronic
-Navigatie
-Aux Bluetooth Card
-Interior Piele
-Scaune Încălzite
-Oglinzi electrice
-2 Chei .
-Pilot Automat
-Follow Me Home
-4X Geamuri Electrice
-Bi-xenon
-Comenzi Volan
Etc..
Pret € negociabil.. Mai multe detalii la telefon!
-"
seat,Leon,8 490 €,1 995 cm³,350 CP,Benzina,Hatchback,150 000 km,Rosu,2008,Manuala,"OKAZIE! Proprietar vând Seat Leon Cupra într-o stare tehnică și estetică impecabilă!
Menționez ca prețul este FIX nu veniți cu negocieri, nu vă place treceți mai departe, mașina ma ajuns cumpărată și modificările adus la 13000€!
Câștigătoare a numeroase premii la concursuri și competiții!
Mașina nu este pentru începători!!!
Mașina are următoarele modificări:
•Soft făcut la RSC Performance Constanța!
•Motorul este forjat dețin poze biele/pistoane
•Distribuție nouă
•Ulei Liqui Moly Molygen 5w50
•Bobine R8
•Admisie oversize
•Injectoare RS4
•Supapa retur RS4
•Ambreaj Sachs performance
•Turbo hybrid K04 064
•Intercooler mărit cu traseu aluminiu
•Evacuare 76mm cu intermediară Borla
•Down pipe
•HPFP Hitachi cu pistonaș vis
•Balansieri anulați
•PCV delete
•Pops and bangs
•Blow off forge
•Actuator turbo forge
•Interne FCP
•Pompa benzina rezervor AEM 360L/h
•Frâne Golf R32 cu discuri perforate și striate 340mm etrieri
•Suspensie Sachs performance OEM!
•Mașina este colantată Candy Red!
•Faruri schimbate cu led!
•Jante NOI MAM model deosebit
•Anvelope NOI Continental Sport Contact7 dot.2025
•Lip bară față Maxton
•Eleron portbagaj
•Plafon Alcantara cu lumini
•Lumini pedalier
•Lumini sub mașină
Dotări:
•Dublu Climatronic
•Navigație dedicată
•Pilot automat
•Trapa electrică
•Computer de bord Maxidot
•Închidere centralizată
•Oglinzi rabatabile electric
•Jante originale de Cupra cu anvelope de vară 18”
•Camera față/spate
•Mașina are recent schimbat butucii la roți, planetară, bucși, dovedesc cu facturi și poze!
Mașină pentru pasionați!
Ofer și doresc seriozitate!"
seat,Alhambra,10 950 €,1 968 cm³,150 CP,Diesel,Break,275 000 km,Negru,2016,Manuala,"Seat Alhambra Executive 7 locuri 150cp
Vand Seat Alhambra in stare foarte buna fara probleme, ingrijita cu drag!
Daca doriti sa cumparati o masina de famile cu 7 locuri atunci este masina potrivita. Masina a fost cumparata de mine personal de la firma unde lucrez.
Masina are 275.000 de km reali cu toate servisurile facute la zi.
Ultimul service la 270.000km in luna iulie.
Distributie schimbata
Curea pompa de ulei schimbata
Fulie alternator schimbat
Incalzire in parbriz si oglinzi
Faruri xenon cu viraj in curba
Optional scaun pt copii original se vinde separat de masina!
Perdea in usille din spate daca bate soarele prea tare. Si multe alte optiuni folositoare.
Serie sasiu: VSSZZZ7NZGV715678
Luna Septembrie 2025 am schimbat:
Telescop nou
Arcuri noi
Brate jos sus si toate cele din spate noi de la Lemförder! ( doar astea au costat 5000ron)
Cauciucuri model an 2023 de iarna jenti aluminiu
Cauciucuri de vara 2024 cu jenti de aluminiu.
Are carlig de remorcare montat doar anul acesta pt transport de biciglete.
Am incercat sa descriu masina sincer fara ascunzisuri, masina se vinde doar din motive private! ( investitie privata si trebuie sa sacrific masina din pacate)
Rog seriozitate si ofer seriozitate fara a pierde timpul doar cu vorbe in aer!
0;7“2“.2.“ 3.*6.•4 •3•0•2"
seat,Ibiza,2 600 €,1 198 cm³,75 CP,Benzina,Hatchback,218 000 km,Gri,2010,Manuala,"vand seat ibiza , an 2010, 1.2 benzina, 218.000 km"
seat,Ibiza,3 499 €,1 390 cm³,85 CP,Benzina,Break,212 875 km,Alb,2012,Manuala,"De vânzare Seat Ibiza Facelift din anul 2012 , 1.4 benzină motor clasic Euro 5 , cu 212875 km reali în stare foarte bună  estetic și mechanic , toate actele în regulă în vederea înmatriculări! Toate dotările funcționale !
Ca și dotări:
-geamuri față electrice
-oglinzi electrice
-oglinzi rabatabile electric
-Climatronic
-comenzi volan
-volan îmbrăcat în piele
-tempomat
-radio cd original cu ieșire Aux
-roata de rezervă
-senzori ploaie
-faruri ceata
-faruri cornering
-computer bord
-închidere centralizată
-Carte service
-etc…
Alte detalii și informații pe numărul de telefon 07******99
Pretul este in euro și ușor negociabil în limita bunului simț !"
seat,Alhambra,7 250 €,1 968 cm³,140 CP,Diesel,Monovolum,278 000 km,Gri,2011,Automata,"Vand Seat Alhambra =
Identic  VW Sharan
Fabricatie 02.2011
Putere 103 kw=140 c.p.
* *  EURO 5
* * Cilindree = 1.968 cm3
* * 2 7 8 o o o km reali (dețin documente )
* * * Cutie Automata DSG * * *
* 5 locuri
* Klimatronic
* 2 chei
* închidere centralizata
* 4 Geamuri electrice
* Oglinzi Electrice și incalzite
* 2 chei
* Senzori parcare fata+spate
* Cârlig remorcare
*Jante aluminiu cu anvelope foarte bune
* Senzori presiune roti
* Proiectoare ceata cu funcție de coornering
* Stare tehnica si estetica foarte buna
* * Masina ideala pentru familie =Confortabilă / Sigură / Spatioasă  cu un portbagaj foarte generos.
Identic VW Sharan
Motorizare echivalenta și pe  Skoda Octavia / VW Passat / VW Tiguan / VW Touran = motor din gama VW -  2.0 TDI = 140 c.p.
* * Recent adusa
* * Nu s-au scos numere rosii
* * NU FAC SCHIMBURI
Mai multe detalii la
* * 0 7 4 5 // 8 8 8 // 7 6 7  sau
* * 0 7 5 1 // 1 9 9 // 2 2 7
Preț    :  7250  Euro
Motorizare echivalenta :
Skoda Octavia  /  VW Passat / VW Tiguan / VW Touran / Audi Q5 / Skoda Kodiaq / VW Transporter / T5 T6 / Dacia Duster / Dacia Lodgy / Nissan / Renault Scenic /
Caroserie asemănătoare: BMW X3 / Mercedes Vito / Ford Transit /"
seat,Ibiza,3 490 €,1 200 cm³,70 CP,Benzina,Hatchback,107 000 km,Alb,2015,Manuala,"Seat Ibiza Euro 5
Motorizare: 1.2 Benzina
An fabricatie: 2015
-Interior textil, foarte intretinut si curat, in stare foarte buna
-Sistem Multimedia Seat cu redare prin CD MP3 /AUX / USB
-Comenzi multimedia in partea inferioara a volanului
-Aer conditionat
-Geamuri electrice
-Oglinzi electrice, incalzite, rabatabile electric
-Computer bord multifunctional
-Caroserie impecabila, fara rugina!
-ABS
-ESP
-107000 km
-Carte service
Masina se prezinta intr-o stare atat tehnica cat si optica foarte buna. Fara probleme la motor, fara sunete la volanta!
A fost recent adusa, nerulata in tara.
La cerere dispunem de transport pana la domiciliul dvs! Mai multe detalii la telefon."
seat,Ibiza,3 990 €,1 190 cm³,75 CP,Diesel,Break,159 000 km,Gri,2013,Manuala,"Seat Ibiza 1.2 TDI Euro 5 FR model Facelift
01.2013 /159.000km carte service
Jante aliaj cu anvelope de iarnă
Senzori parcare spate
Pachet crom
Închidere centralizată
Navigație originală
Radio cd/bluetooth/aux
Comenzi volan radio
Computer bord
Dublu climatronic
Geamuri electrice import Germania
Mai multe detalii 07******58"
seat,Ibiza,2 850 €,1 200 cm³,75 CP,Diesel,Break,230 000 km,Gri,2011,Manuala,"Seat Ibiza ST Line / Ecomotive
An 2011 luna 07
Euro 5
Motor 1.2 TDI
55 Kw - 75 cp
Cutie manuala 5 + 1  trepte
Adus recent din Olanda
Km reali
Se ofera Factura /Garantie
Posibilitate rate fixe cu sau fara avans
Numere rosii
Dotari :
- 4 Geamuri Electrice
- Climatronic
- Oglinzi electrice ,încălzite ,rabatabile electric
- Pilot Automat
- Volan Piele
- Comenzi volan
- Senzori Lumina / Ploaie
- Senzori presiune roti
- Radio Cd cu Auxiliar / Usb
- Proiectoare ceata cu Cornering light - Se aprind la viraje
- Carlig remorcare
- Abs, Esp ,Airbaguri
- Jante aliaj cu cauciucuri bune
- 2 Chei - Inchidere centralizata telecomanda
Stare foarte buna ,fara erori sau defecte ascunse
Motor ,cutie ,ambreiaj,suspensii stare excelenta
Vopsea originala
Se poate vedea in Ploiesti sau Baicoi Ph
Fara schimburi"
seat,Ibiza,2 400 €,1 200 cm³,75 CP,N/A,Break,280 000 km,Negru,2011,Manuala,"Vand seat ibiza 1.2 disel
disel
Masina personala
personala"
seat,Alhambra,5 799 €,2 000 cm³,140 CP,Diesel,Monovolum,247 000 km,Negru,2011,Automata,"* Seat Alhambra
* Highline
* 2.0 Diesel
* Euro 5B cu adblue(considerat euro6)
* Panoramic
* Anul 12/2010
* Usi laterale Electrice/porbagaj electric
* Distributie schimbata la 238 mii km
* 5 locuri
* 140 cai
* Navigatie Origianala
* Camera pe marsalier
* Interior textil IMPECABIL fara rupturi sau uzura
* Cutie DSG 6 rapoarte
* Padele volan
* 247000 km Certificati
* Dublu Climatronic plus clima in tavan pentru pasageri spate
* Incalzire auxiliara
* Comenzi volan
* Volan piele
* Volan reglabil inaltime si adancime
* Pilot automat
* Incalzire in scaune 3 nivele
* Isofix
* Inserti niclel
* Cornering
* Spalator faruri
* Faruri automate
* Folie fumurie geamuri spate
* Perdelute spate
* Senzori parcare cu afisaj
* Senzori ploaie
* Senzori presiune pneuri
* Parbriz heliomat cu tenta mov
* Lumini ambientale
* Jante aluminiu R 16
* Anvelope M+S aproape noi
* Oglinda interioara heliomata
* Parrot
* Bluetooth
* Aux/FM/CD
* Etc
Masina se afla in stare foarte buna. Nu scoate fum, nu are sunete ciudate. Totul functioneaza fara nici o exceptie !!!
Nu s-au scos numere rosii
Pentru mai multe detalii la telefon.
Se ofera serie sasiu pentru verificare
Nu sunt interesat de schimburi.
Ajut la nevoie cu transportul !!!"
seat,Exeo,4 790 €,1 968 cm³,143 CP,Diesel,Break,330 km,Negru,2012,Automata,"Vând Seat Exeo, 2.0 tdi cutie automată, 143 cp, este o mașină întreținută bine, cutia și motor funcționează perfect, cutia a fost recondiționată în luna mai 2025 am factura, recondiționarea a costat 7500 lei, nu scoate deloc fum, nu consumă deloc ulei, caroseria nu are rugină și vopseaua este în stare bună.
Parbriz heliomat
Oglindă heliomata
Navigație android auto
Jante aluminiu
Încălzire în scaune
Xenon
Senzori parcare
Autohold
Mașina merită văzută, prețul este negociabil la vizionare"
seat,Tarraco,27 600 €,1 968 cm³,190 CP,Benzina,SUV,93 600 km,Alb,2021,Automata,"Nu schimb, nu fac combinatii, doar banii jos!
- Echipare FR
- 4x4 - 4Drive
- Transmisie automata DSG
- Virtual cockpit (Ceasuri de bord digitale)
- Faruri full LED
- Tapiserie mixta piele-textil-alcantara
- Drive mode: ECO, Normal, Sport, Individual, Offroad, Snow
- Climatronic 3 zone
- Adaptive Cruise Control (Pilot automat adaptiv)
- Lane assist (Asistent mentinere banda)
- Front assist (Sistem urmarire perimetru)
- Side assist (Asistent schimbare banda)
- Recunoastere indicatoare rutiere
- Conectare telefon prin Bluetooth + Android Auto si Apple CarPlay
- Park assist (Sistem de parcare automat)
- Camere video 360
- Senzori de parcare 360 grade cu afisaj
- Scaune fata-spate incalzite
- Scaune sofer cu reglaj electric si memorii
- Senzori de ploaie si lumini
- Volan multifunctional imbracat in piele + Padele
- Volan incalzit
- Iluminare ambientala
- Lumini de zi si stopuri LED
- Jante aliaj 19""
- Cauciucuri de vara DOT 2025
- Keyless GO
- Sistem Start/Stop
- Frana de parcare electrica
- Geamuri electrice fata-spate
- Geamuri fumurii
- Oglinzi reglabile electric, rabatabile si incalzite
- Controlul presiunii in pneuri
- Cotiera centrala fata cu spatiu de depozitare
- Cotiera centrala spate cu suport pentru pahare
- Bare longitudinale acoperis
- Auto Hold
- ABS/ESP"
seat,Altea XL,4 499 €,1 400 cm³,90 CP,Benzina,Hatchback,130 000 km,Alb,2015,N/A,"*PROGRAM ZILNIC INCEPUND CU ORA 10
*GARANȚIE 12 LUNI FĂRĂ LIMITE DE KILOMETRI
*TRANSPORT GRATUIT ORIUNDE IN TARA
*verificare complecta înainte de livrare
*Kilometri ORIGINALI 100% atestați in reprezentanta
Seat Ibiza
Dotarii
-An 2015
-Km 130000
-Motor benzina
-Culoare Alb
-Cutie de viteze manuala 5+1
-Euro 5
*Aier conditionat
-Interior Textil
-Oglinzi rabatabile,reglabile,incalzite electric cu inchidere heliomata
-Geamuri  electrice
-Sensori lumina,ploaie,ceata,pneuri etc
-Faruri reglabile pe diferite poziti la buton
-Computer de board
-Sistem multimedia MP3
-Bluethoot,Aux,Ipad,phone etc
-Radio
-Volan imbracat in piele
-Dezaburire la buton
-Airbaguri fata+spate
-ABS
-ESP
-Priza 12V
-Scrumiera
-Torpedou
-Cupholdere
- Roți cu cauciucuri foarte bune M+s
*4 roti rezervă
-Etrieri,placute,discuri schimbate
-Inchidere centralizata
-Alarma antifurt
*Interior foarte bine îngrijit ne fumator singur proprietar de garaj
*Caroserie fără nici un fel de avari
*Motor și cutie viteze funcționează IMPECABIL
*Chit distribuție schimbată rolă întinzătoare pompă apa filtrele ulei aier combustibil polen uleiul motor și cutie viteze plăcuțe frînă discuri frana..etc cu factura și garanție de service
* Kilometri ORIGINALI cu verificarea în reprezentanta
*Nu necesita APSOLUT nici o investiție
*Accept orice test și probă la mașină
*Se negociază la fața locului*
*Ideală pentru drumuri lungi fiind FOARTE spațioasă confortabila și sigură
*Ideală pentru familie
*Ideală pentru oraș fiind foarte practică ușor de parcat și condus
*Ideală pentru naveta fiind consumul mic 6/7%
*Se poate inmatricula la cerere
*Se poate scoate Nr roși 90 zile
*Toate documentele în vedere înmatriculări perfecta regulă
*Asistență GRATUITĂ la înmatriculare
*Raportul general CAR VERTICAL scos vi se poate pune la dispoziție
*Se poate pune la dispoziție poze suplimentare și filmare cu mașina pe WATAP
*NU RĂSPUND LA MESAJE
NU FAC SCHIMBURI
TRANSPORT GRATUIT ORIUNDE IN TARA 07******80"
seat,Ibiza,3 900 €,1 198 cm³,70 CP,Benzina,Hatchback,63 230 km,Rosu,2009,Manuala,"Detalii principale:
Marcă / Model: Seat Ibiza
An fabricație: 2009
Motorizare: 1.2 benzină (3 cilindri)
Tracțiune: Față
Putere: 70 CP
Cutie de viteze: Manuală – 5 trepte
Kilometraj: 63.230 km (real, verificabil)
Dotări:
Aer condiționat funcțional
Geamuri față electrice
Sistem audio Sony (Radio-CD + boxe)
Închidere centralizată
Oglinzi reglabile manual
Jante originale SEAT
Descriere:
Vând Seat Ibiza 1.2 benzină din 2009, o mașină întreținută cu atenție, folosită ocazional și aflată într-o stare tehnică foarte bună.
Motorul este economic și fiabil, cu un consum excelent (aprox. 5–6L/100km), iar cutia de viteze manuală în 5 trepte funcționează perfect, schimbând precis și lin.
Caroseria este curată și bine întreținută, cu o zonă mică de rugină pe aripa dreaptă față, dar în rest fără probleme structurale.
Interiorul este îngrijit, de nefumător.
Asigurarea este expirată, iar ITP-ul este valabil până în ianuarie 2026, urmând să fie reînnoite de noul proprietar.
Kilometrajul este real și verificabil – sunt deschis la orice verificare, inclusiv prin CarVertical.
Alte mențiuni:
Revizii efectuate la timp
Se conduce impecabil
Ideală pentru oraș, navetă sau ca primă mașină
Preț negociabil în limite rezonabile
Locație: Sibiu"
seat,Altea XL,3 900 €,1 600 cm³,110 CP,Diesel,Cabrio,172 000 km,Alb,2014,Manuala,"Vând Seat Altea XL, 1.6 diesel, Euro 5, proprietar de 4 ani, achizitionata la 140000km verificați, funcționare perfectă, prima inmatriculare 10.2013, pe carte 2014, câteva specificații:
Aer condiționat perfect functional
Volan piele cu comenzi
Calculator bord
Pilot automat
Geamuri electrice față spate
Oglinzi electrice
Proiectoare
Start-stop
Rezervă și kit intervenție
Distribuție, curea pompă ulei și pompă ambreiaj schimbate 2025
I.T.P valabil 02.2027
Fără probleme de funcționare si investiții necesare în următoarea perioadă.
Jante aliaj cu anvelope all season.
O vând deoarece a fost schimbată cu una mai nouă și nu se mai folosește.
Se vinde cu perfectarea actelor, se oferă fiscal pe loc.
PREȚ ABSOLUT FIX  !!! 20.000 lei (3900 euro)
Nu insistați cu negocieri, prețul deja este minim. Mulțumesc.
Rog seriozitate sau evitați anunțul."
seat,Leon,2 500 €,1 390 cm³,63 CP,Benzina,Hatchback,200 000 km,Rosu,2010,Manuala,"Seat Leon 2010 – Motor 1.4 Benzină, Euro 4, Întreținută, Jante aliaj
Descriere exemplu:
Seat Leon din 2010, motorizare 1.4 benzină (Euro 4), mașină întreținută și economică.
Se prezintă într-o stare bună tehnic și estetic, folosită zilnic fără probleme.
Detalii:
An fabricație: 2010
Motorizare: 1.4 benzina
Norma de poluare: Euro 4
Cutie manuală
Jante aliaj
Geamuri electrice
Aer condiționat funcțional
Închidere centralizată
Servodirecție
Mașină curată, fără rugină
ITP
Alte informații:
Consum redus (aprox. 6-7L/100km)
Ideală pentru oraș sau drumuri zilnice
Proprietar persoană fizică
Preț negociabil în limita bunului simț.
Se poate vedea și testa"
seat,Leon,6 700 €,1 968 cm³,170 CP,Diesel,Hatchback,251 200 km,Alb,2012,Automata,"Seat Leon FR 2012 Automat DSG 170 CP
Motorizare: 2.0 TDI [170CP]
An de fabricație: 2012
Cutie Automata [DSG]
EURO 5
Dotări:
-Pachet FR interior și exterior
-Faruri bi-xenon adaptiv
-Senzori de parcare față și spate cu afișaj
-Senzori de lumină
-Senzori de ploaie
-Senzori presiune în roți
-Comenzi volan
-Padele
-Navigație mare
-Computer de bord color
-Cruise control adaptiv [pilot automat]
-Încălzire în scaune
-Clima pe 2 zone
-Trapa
-Oglinzi rabatabile electrice și încălzite
-Cornering
-Auto Hold
-Handsfree
-Bluetooth
-Stopuri Neon
Jante de aliaj R18 cu cauciucuri de vară în stare bună
Mașina vine cu încă un set de jante cu cauciucuri de iarnă în stare bună
Mai multe detalii la telefon!!!
PRET NEGOCIABIL!"
seat,Ibiza,3 650 €,1 200 cm³,75 CP,Diesel,Break,202 291 km,Alta culoare,2012,Manuala,"Seat Ibiza 6j 2012
Motor 1.2 tdi distributie schimbata
55kw
202291km
Dotari*
Cutie manuala
Pachet FR
Interior piele
Incalzire in scaune
Oglinzi electrice
Senzori presiune roti
Navigatie android/apple car
Camera marsalier
Cauciucuri all season
Proiectoare ceata
Start-stop dezactivabil din buton
Carlig de remorcare
Pilot automat
Clima automata
Geamuri fumurii omologate
Pret 3650€negociabil
Masina se poate vedea in Bucuresti"
seat,Altea,4 250 €,1 600 cm³,105 CP,Diesel,Monovolum,277 000 km,Gri,2011,Manuala,"Link poze suplimentare
https://www.facebook.com/share/p/16NwEqoG5X/?mibextid=wwXIfr
Firma TUDOR AUTOMOBILE RULATE S.R.L. autorizată în comerțul cu autoturisme oferă spre vânzare :
Seat Altea ~ Freetrack ~ 1.6 Diesel Euro 5
~ Model configurat special ~
An fabricație 2011 | Import Germania
PRET: 21.250 RON ( 4250 EURO )
Posibilitate Rate începând de la 595 Ron/luna
Cu sau fără avans prin intermediul Tbi Bank
Rulaj : 277 000 kilometri ( Istoric service , Hârtii Tuv)
Se oferă factura fiscală
Garanție 12 luni Motor + Cutie
( Ofertă supusă unor termene și condiții )
Primul set de numere provizorii valabil
Posibilitate R.A.R
CONTACT : 07tre3069trei66 (Tudor)
07doi459doi229
O mașină foarte frumoasă și îngrijită de la nefumător , UNIC PROPRIETAR
Specificații:
* Dublu climatronic funcțional
* Încălzire în scaune
* Pilot automat
* Senzori parcare
* Închidere centralizată
* Bord computer
* Volan piele multifuncțional
* Spălător faruri
* Senzori lumină
* Senzori ploaie
* Sistem audio
* Jante aliaj R16
* Isofix
* Volan reglabil
* Cd player original Mp3
* Proiectoare ceață
* Scaune spate rabatabile
* Afișaj multifuncțional
* Geamuri electrice față
* Controlul Stabilitătii ESP
* Servodirectie asistat electric
* Aigbag-uri
* Oglinzi cu reglaj electric
TUDOR AUTOMOBILE RULATE
Societate autorizată in comerțul cu autoturisme
Adresa: Boșorod , Strada Principală Nr.62
Județul Hunedoara
Petroescu Tudor
Administrator
TUDOR AUTOMOBILE RULATE S.R.L
*Notă: La descrierea mașinii pot apărea erori"
seat,Leon,3 500 €,1 390 cm³,125 CP,Benzina,Hatchback,177 000 km,Alb,2011,Manuala,"Vând Seat Leon 1.4 tsi 2011
-Norma poluare Euro 5
- cutie viteza manuala 6+1
-km 177000
-dublu climatronic
-comenzi volan
- cruiae control
-computer bord
-Oglinzi electrice încălzite rabatate
-geamuri electrice
-esp/abs
- proiectoare ceata
-Jante de aliaj și jante de tabla
Nu accept schimb!"
seat,Leon,3 250 €,1 896 cm³,105 CP,Diesel,Hatchback,270 000 km,Negru,2008,Manuala,"SERIE, VIN: VSSZZZ1PZ8R021082
Motor 1.9 TDi 105 CP
KM: 270.00
DPF ACTIV
Nu scoate fum
Nu mănâncă ulei
Jante Aliaj R17 cu cauciucuri all sezone
Proiectoare ceață
Senzori parcare spate
Pilot automat
Faruri Automate
Ștergătoare automate
Comenzi pe volan
Intrare AUX
4X Geamuri Electrice
Oglinda Heliomata
Oglinzi Electrice Si Rabatabile Electric
Folii Geamuri Spate si Lunetă  Omologate
Masina se prezinta foarte bine atat mecanic cat si estetic NU are rugina
Absolut totul este funcional pe masina
Masina personala, toate actele valabile
Ofer Fiscal în momentul vânzări
NU DERANJATI INUTIL
NU FAC SCHIMBURI DE NICI UN FEL."
seat,Leon,3 990 €,1 400 cm³,86 CP,Benzina,Hatchback,170 000 km,Alb,2010,Manuala,"Seat Leon Facelift
Anul fabricatiei: 2010
Motor : 1.4 Benzina , MPi , Clasic , 86 CP
Cutie viteze : Manuala
Toate actele se finalizeaza in momentul vanzarii.
Se pot scoate numere rosii pentru 90 de zile.
Asiguram transport la domiciliul clientului oriunde in Romania.
Dotari :
Bluetooth
Navigatie Android (YouTube/Video etc..)
Se poate monta camera mansalier
Inchidere centralizata
Aer conditionat (Functional)
Oglinzi electrice , incalzite si heliomate
Interior Bicolor
Dezaburire parbriz si luneta
Jante aliaj + Anvelope M+S
Geamuri tenta fumurie
Comenzi volan
Computer bord
fumurie
ESP , ABS , Servo direcție
Torpedou refrigerat
Suport pahare
Pentru detalii si alte informații dorite va rugam apelati doar telefonic"
seat,Ateca,16 490 €,1 968 cm³,150 CP,Diesel,SUV,210 000 km,Gri,2022,Automata,"Vând Seat Ateca 2.0TDI 150cp 4x4 Dsg Euro6 An2022
Dotări: Virtual Cockpit, Faruri Matrix, Trapa Panoramică, 4xGeamuri Electrice, Oglinzi Electrice si Incalzite, Încălzire Scaune, Senzori Parcare Fata-Spate, Parchează Singura, Comenzi Volan, Navigație Mare Color, Bord Computer, Pilot Automat, Proiectoare Ceata, Dublu Climatronic, Jante Aliaj cu Cauciuri Noi de Vara, etc
Recent Adusa! 2CHEI
Fără Elemente Revopsite
Masina arata si Functioneaza Impecabil"
seat,Leon,10 900 €,2 000 cm³,184 CP,Diesel,Break,235 000 km,Gri,2016,Automata,"Nivel echipare FR interior+exterior;
Jante aliaj R18;
Suspensie sport(de fabrica);
Volan sport(tesit);
Volan din piele(cusatura rosie);
Cotiera fata+spate;
Geamuri fata+spate electrice;
Oglinzi electrice+incalzite;
Oglinzi rabatabile electric;
Oglinda interioara heliomata;
Geamuri spate+ luneta fumurii(de fabrica);
Geamuri electrice fata+spate;
Trapa panoramica;
ACC(Adaptive cruise control)
Line assist(mentinerea benzii de circulatie;
Faruri +stopuri Led;
Lumini interioare Led;
Lumini ambientale usi fata(alb+rosu);"
seat,Leon,7 299 €,1 598 cm³,110 CP,Diesel,Break,182 153 km,Rosu,2014,Manuala,"-Seat LEON FR-
*Import Olanda
*An fabricatie 2014
*Motorizare 1.6 diesel 110/cp
*EURO 6 FARA ADBLUE!
*Cutie viteze manuala
*KM 182.153
*Jante aliaj
--NUMERE DE ZOLL VALABILE--
-Masina arata si functioneaza perfect.
-Fara erori in bord, fara nici o problema!
-Absolut toate optiunile perfect functionale.
-Ofer raport Carvertical
Dotari :
* Climatronic 2 zone
* Faruri tehnologie led
* Navigatie 3D - Touchscreen
* Senzori presiune roti
* Senzori ploaie
* Senzori lumina
* Incalzire in scaune
* Led (Lumini de zi + stopuri spate)
* Pilot automat
* Senzori parcare fata-spate
* Limitator de viteza
* Computer bord multifunctional
* Comenzi volan
* Cotiera fata+spate
* Oglinda retrovizoare heliomata
* Geamuri electrice
* Usb-Bluetooth-Aux
* Abs
* ESP
* Servo directie
* Oglinzi electrice, incalzite si retractabile automat
* Folow me home
* Geamuri spate ionizate
* Airbag-uri frontale,laterale, scaune, cortina
* Alarma originala
* Pachet lumini ambientale LED"
seat,Alhambra,6 900 €,2 000 cm³,140 CP,Diesel,Monovolum,227 000 km,Alb,2011,Manuala,"* Seat Alhambra
* 2.0 Diesel 140 cp
* Euro 5
*Fabricație 2011
227 000 km
Mașina arată și funcționează impecabil din toate punctele de vedere NU are rugină nu are probleme la motor cutie
Opțiuni
* Navigație
* Camera pe marsalier
* Interior textil IMPECABIL fara rupturi sau uzura
* Dublu Climatronic plus clima in tavan pentru pasageri spate
Senzori presiune roți
Start stop la semafor
Lumini ambientale picioare Oglinzi
Parbriz cu Degivrare
* Incalzire auxiliara
* Comenzi volan
* Volan piele
* Volan reglabil inaltime si adancime
* Pilot automat
Cruise control
Tempomat
* Incalzire in scaune 3 nivele
Scaune electrice
Asistenta auto hold
Lumini de zi
* Isofix
* Cornering
* Spalator faruri
* Faruri automate
* Perdelute spate
* Senzori parcare cu afisaj
* Senzori ploaie
* Senzori presiune pneuri
* Parbriz heliomat cu tenta
* Lumini ambientale
* Jante aluminiu R 16
* Anvelope M+S aproape noi
* Oglinda interioara heliomata
Proiectoare ceata
Follow me home
Frână parcare electrica
* Parrot
* Bluetooth
* Aux/FM/CD
Abs esp asr eps etc
Închidere centralizata
4x geamuri electrice
Oglinzi rabatabile electric
Cîrlig priza functional
Alarma
Torpedou refrigerat
Mașina arata si functioneaza impecabil din toate punctele de vedere Nu necesita nici o investitie Totul functioneaza fara nici o exceptie !!!
Nu s-au scos numere rosii
Pentru mai multe detalii la telefon.
Se ofera serie sasiu pentru verificare
Nu sunt interesat de schimburi.
Nu raspund la mesaje de genul ultimul pret pretul este negociabil doar la fața locului mai multe detalii la telefon"
seat,Leon,8 350 €,1 395 cm³,110 CP,Benzina,Hatchback,124 000 km,Alb,2016,Manuala,"Parc cu peste 100 auto în stoc , ne găsiți pe Centură de Nord a Ploieștiului - Blejoi sau Waze/Google maps : Dorysam Auto .
- Posibilitate leasing la mașinile cu anul de fabricație peste 2017 ( avans între 15-30% )
- Posibilitate rate persoane fizice cu avans 0 , rate fixe
- GARANTIE 12 LUNI ( CUTIE ȘI MOTOR )
Specificații :
Seat Leon Business
An fabricație 06.2016
Motor 1.4tgi benzina  110CP
Aer condiționat
Geamuri electrice
Abs/esp/asr
Închidere centralizată
Radio cd original
Senzori parcare
Scaune încălzire
Navigație
Pilot automat
Comenzi volan
2 chei
Jante aliaj
Mașină adusă  din Austria!
Pentru mai multe detalii , nu ezitați să ne contactați !"
seat,Toledo,3 500 lei,1 600 cm³,115 CP,Diesel,Berlina,N/A,Negru,2016,Manuala,"Vând Seat Toledo 1.6d 115cp 2016 2019 Manaula Euro6
Mașina arata și rulează bine, service la zi, nr și acte complete și valabile pentru mai multe detalii la tel Mulțumesc"
seat,Exeo,3 999 €,1 998 cm³,143 CP,Diesel,Break,243 236 km,Negru,2011,Automata,"Vand Seat Exeo ST , an fabricatie 2011.05 , norma de poluare euro 5 , 2.0Diesel 143 cai cod motor (CAGA)
Nu s-au scos nr rosii, se pot scoate pe 3 luni!
La cerere ajut cu transportul pe platforma!
- cutie automata 7+1 trepte schimba impecabil
- dublu climatronic cu afisaj(a/c functional)
- comenzi volan
- padele
- filtru particule activ (tobe curate)
- sistem audio profesional  BOSE
- faruri bi-xenon adaptiv
- leduri spate
- full crom
- aux,bluetooth
- senzori parcare spate
- jante originale seat , mai vine cu un set de cauciucuri iarna
- pilot automat tempomat
- senzori ploaie
- senzori lumini
- oglinzi electrice rabatabile electric
- 4x geamuri electrice
- interior textil impecabil
- cotiera fata/spate
Accept orice fel de test autorizat!!
Se ofera seria pt verificare"
seat,Leon,8 500 €,1 968 cm³,150 CP,Diesel,Hatchback,182 437 km,Rosu,2013,Manuala,"SEAT Leon FR 2.0 TDI / 150 CP, în stare tehnică și estetică excepțională, întreținută cu atenție și fără investiții necesare.
Mașina este personală, deținută din 2022, nu a fost cumpărată pentru revânzare.
Toate actele sunt în regulă, mașina este pregătită pentru un nou proprietar.
Am raport CarVertical scos, care confirmă că nu a fost implicată în accidente, nu are kilometraj modificat și nu este raportată furată.
- Kilometraj: 182.500 km reali
- VIN: VSSZZZ5FZDR050309
- Combustibil: Diesel
- Cutie de viteze: Manuală, 6 trepte
- Tracțiune: Față (FWD)
- Normă de poluare: Euro 5
- Culoare: Roșu
- Caroserie: Hatchback
- An fabricație/model: 2013
- Capacitate cilindrică: 2.0 litri (1968 cm³)
- Putere: 110 kW / 150 CP
- Volan: Pe stânga
- Număr uși: 4
- Număr cilindri: 4
Asistență și siguranță:
- Senzori de lumină și ploaie
- Senzori presiune roți
- Pilot automat (Cruise Control)
- Schimbare automată fază scurtă/lungă
- Airbaguri frontale, laterale și cortină
Confort și interior:
- Interior sport FR
- Dublu climatronic
- Volan sport multifuncțional
- Bord digital / computer de bord
- Oglinzi electrice, încălzite și heliomate
- Jeturi spălătoare parbriz încălzite
Tehnologie și multimedia:
- Navigație mare cu touchscreen
- Conectivitate USB, Bluetooth
- Sistem audio performant
Exterior:
- Faruri Full LED Matrix
- Stopuri spate Full LED
- Pachet FR complet (spoiler, praguri, grilă sport)
- Mașină personală, cu istoric clar și întreținere exemplară.
- Fără erori în bord, fără probleme mecanice sau estetice.
- Preț: 8.800 € - ușor negociabil la fața locului
- Nu sunt interesat de schimburi."
seat,Leon,9 990 €,1 968 cm³,150 CP,Diesel,Berlina,234 000 km,Negru,2016,Automata,"Seat Leon FR 2.0TDI,150cp
Cutie viteze  automata DSG
Geamuri electrice
Oglinzi încălzite,electrice și rabatabile
Senzori parcare
Faruri full led și stopuri led
Dublu climatronic
Volan sport cu comenzi
Încălzire în scaune
Navigație mare cu CarPlay
4 Moduri de condus
Webasto(încălzire suplimentara)
Interior Alcantara
Semnalizări dinamice in oglinzi
Jante aliaj 18 cu anvelope noi
Mașina este adusa recent din Germania
Este foarte întreținută cu toate întreținerile la zi(carte service)
Alte detalii la telefon"
seat,altul,3 800 €,N/A,160 CP,Diesel,Cabrio,34 570 km,Alb,2013,Manuala,Masina este adusa din germania. 2013 si cu motor de 1.6dizel
seat,Toledo,500 €,1 600 cm³,100 CP,Benzina,Berlina,300 000 km,Gri,1999,Manuala,"Mașina a stat un an, unele piese încă sunt noi. Pe partea de articulații și suspensie in stare foarte bună. Discuri și plăcuțe pe spate noi fără rulaj. Clapetă accelerație nouă,puntea spate noua și altele. Două seturi de jante și anvelope. Anvelopele de iarnă în stare foarte bună. 195/65/15
Cod motor AKL
Nu e radiată."
seat,Ibiza,2 500 €,1 199 cm³,75 CP,Diesel,Hatchback,185 263 km,Gri,2011,Manuala,"clima (perfect funcțională )
-4 geamuri electrice
-oglinzi electrice și rabatabil electric
-pilot automat
-computer de bord
-senzor lumini
-senzor ploaie
-faruri cu spălătoare , proiectoare ceata ( cu funcție cornering )
-navigatie android mp3 cu cd/usb/aux/bluetooth
-scaune încălzite
-comenzi volan
-sistem start & stop dezactivabil din buton
-interior piele neagră (foarte curat /nefumator )
-cotiera față
-servodirecție electric , ESP , ABS
-folie fumurie geamuri spate cu omologare
-jante aliaj R15
-cauciucuri noi all seazon.
-închidere centralizată (2 chei )
-eleron de fabrică etc
-articulatie schimbata recent."
seat,Ibiza,3 250 €,1 199 cm³,75 CP,Diesel,Hatchback,287 700 km,Alb,2011,Manuala,"Seat Ibiza
An 2011
Motor 1.2 TDI
Km 287.xxx
Proprietar
Dotări
Pilot automat
Senzori parcare spate
Senzori pneuri
Oglinzi electrice rabatabile
Climă automată
Esp
Start & stop
Se poate oferi seria de caroserie la cerere"
seat,Ibiza,5 690 €,1 200 cm³,105 CP,Benzina,Hatchback,189 000 km,Negru,2015,Manuala,"Vand Seat Ibiza Facelift an fabricatie 2015 cu motor de 1,2 benzina 105cp Euro5 cutie manuala 5+1 viteze recent adusa in stare Impecabila!
Dotari:Bi-Xenon Adaptive cu lumini de zi, Led, Aer Conditionat, Tempomat (pilot automat), Computer de Bord, Comenzi volan, Incalzire in Scaune, Senzor Ploaie, Senzor Lumini, Abs, Esp, 2x Geamuri electrice, Oglinzi electrice si Incalzite, 6x Airbag, Mp3 CD Player original, Scaune Sport multireglabile, Faruri reglabile electric, Volan reglabil, Torpedou frigorific, Cotiera fata si spate, Suport pahare, Proiectoare ceata, Geamuri Spate Fumurii (cu tenta), Jante aliaj originale, Spalator faruri, Carlig remorcare etc. 189000 km originali reali verificabili cu dovezi, Ofer Serie Vin pentru Verificare Istoric!
Masina este recent adusa in stare Impecabila atat estetic cat si functional, Fara Greseala, Merita vazuta si Incercata, Accept orice test. Pret 5690 euro negociabil la fata locului, NU FAC SCHIMB!"
seat,Arona,13 699 €,1 600 cm³,95 CP,Diesel,SUV,128 000 km,Alb,2019,Automata,"SEAT Arona 1.6 TDI DSG – Euro 6 – 2019 – Full LED – ACC – Park Assist
Kilometraj: 128.000 km
VIN: VSSZZZKJZKR039107
Cutie automată DSG | 95 CP | Euro 6 | Culoare alb original
Dotări premium:
•	Faruri FULL LED, lumini ambientale
•	Pilot automat adaptiv (ACC / Distronic)
•	Park Assist (parchează singură) + senzori față-spate
•	Cameră marșarier
•	Bord digital
•	Navigație + Apple CarPlay & Android Auto
•	Scaune încălzite, dublu Climatronic
•	Keyless GO & Entry
•	Front Assist + avertizor unghi
Dotări și echipamente principale:
•	Front Assist și avertizor unghi mort
•	Scaune încălzite
•	Cameră video marșarier
•	Parktronic (parcare automată) și senzori de parcare față-spate
•	Pilot automat adaptiv (ACC / Distronic)
•	Dublu Climatronic
•	Keyless GO & Entry
•	Lumini ambientale interioare
•	Sistem Start/Stop și protecție coliziune
•	Jante aliaj originale SEAT 16”
•	ABS / ESP, senzori de lumină și ploaie
•	Faruri automate, proiectoare ceață
•	Geamuri laterale spate fumurii
•	Oglinzi electrice, încălzite și pliabile
•	Oglindă retrovizoare interioară electrocromatică
•	Banchetă spate cu sistem Isofix
•	Alarma, suport pahare, ștergătoare automate
Stare impecabilă, întreținută atent, pregătită pentru orice drum.
Disponibilă pentru vizionare și test-drive."
seat,Leon,8 400 €,2 000 cm³,184 CP,Diesel,Hatchback,256 000 km,Alb,2013,Manuala,"Vand Seat Leon FR 2013
Mașina este recent adusă din Germania pe roți, cu numere de ZOLL VALABILE până la data de 05.12.2025
- Motor 2.0 Diesel 184 Cai Putere
- Mașina arată și funcționează impecabil
- 256.000 Kilometri cu carte service
Asistența și siguranța
- Senzori de lumină și ploaie
- Senzori presiune roți
- Pilot automat (Cruise Control)
- Schimbare automată fază scurtă/lungă
- Airbaguri frontale, laterale și cortină
- Lane Assist (își ține banda de mers)
- Autohold
- Senzori de parcare fata/spate
- Moduri de condus (Normal/Sport/Eco/Individual)
- Sistem Start/stop
Confort și interior:
- Scaune sport cu alcantara
- Dublu climatronic
- Încălzire scaune
- Volan sport multifuncțional
- Bord digital / computer de bord
- Lumini ambientale
- Oglinzi electrice, încălzite și heliomate
- Oglinzi pliabile electric
Tehnologie și multimedia:
- Navigație mare cu touchscreen
- Conectivitate USB, Bluetooth
- Sistem Seat Audio + Subwoofer
Exterior:
- Panoramic
- Faruri Full LED Matrix
- Stopuri spate Full LED
- Pachet FR complet (spoiler, praguri, grilă sport)"
seat,Ibiza,1 300 €,1 195 cm³,N/A,Benzina,Hatchback,165 000 km,Rosu,2009,Manuala,"Vând Seat Ibiza, fabricatie 2009, motor 1.2 benzina, cutie manuala, climatronic, geamuri electrice, oglinzi electrice, încălzite, ESP, pilot automat, proiectoare ceață, revizia efectuată în urmă cu aproximativ 1000 km, anvelope de iarnă, fără accident, fără scurgeri de ulei, fără consum de ulei, servodirecție foarte ușoară, nu prezintă rugină, km reali 165 mii, nu are defecte ascunse, accept orice fel de verificare.
Masina se poate vedea în Constanța.
Pret fix 1300 euro"
seat,Tarraco,23 990 €,1 968 cm³,200 CP,Diesel,SUV,192 000 km,Alta culoare,2022,Automata,"Seat Tarraco FR
05.2022 7 locuri 4x4 200CP Panoramic
Camera 360"
seat,Alhambra,7 700 €,1 968 cm³,150 CP,Diesel,Monovolum,408 000 km,Alta culoare,2016,Automata,"Vând Seat Alhambra, 2016, E6, cutie DSG cu 6 viteze, schimba foarte bine,schimb de ulei efectuat în cutie și filtru, distribuție schimbata cu toate curelele,inclusiv la alternator, volanta schimbata, plăcute noi, discuri în stare buna, schimbate macarale geamuri fața,  se pot dovedi toate schimburile cu facturi . Clima funcțională pe 3 zone, navi mare, camera marșalier, senzori fața și spate, 5 locuri, cârlig remorcare retractabil, faruri automate, schimba faza scurta cu lunga automat, senzori ploaie , asistenți șofer de oboseala, senzori roti, pilot automat și limitator de viteza, baterie noua,sistem start/ stop la semafor, ITP valabil 2027,etc. Prețul este negociabil în limita bunului simt, fără schimburi și doar cu transcriere pe noul proprietar."
seat,Ibiza,3 890 €,1 199 cm³,75 CP,Benzina,Hatchback,172 000 km,Negru,2013,Manuala,"in stoc la Iasi:
Seat Ibiza 1.2 mpi (fara turbina)
Video de prezentare pe tik tok, pe pagina Automobile Iasi - cars365,ro
Prima inmatriculare: 11.2013
Norma poluare: EURO 5
Motorizare: 1.2 mpi 70 cp
Cutie de viteze manuala in 5+1 rapoarte
Km garantati cu factura de achizitie -172007
Ultima revizie in iunie 2025 la 169000 km
Programare rar in 22 decembrie !
Oferim factura fiscala, certificat fiscal, servicii RAR, inmatriculare
Oferim garantie motor si cutie de viteze 12 luni sau 10.000 km
Dotari:
- tapiterie dual color textil
- functie degivrare luneta
- inchidere centralizata
- jante aliaj
- asistenta pornire din rampa
- geamuri fata electrice
- radio cd mp3
- oglinzi laterale electrice
- Proiectoare de ceata
- Certificat de Garantie 12 luni sau 10.000 km!
- FINANTARE IN RATE fara avans in 30 de minute
- Finantare si pentru persoanele inscrise in biroul de credite cu avans de la 10%
- Finantare pensionare, persoane cu venituri din strainatate, personal navigant!
- Oferim servicii de Asigurari, servicii inmatriculari auto, efectuare vizita RAR.
- Oferim gratuit intocmirea dosarului de inmatriculare si toate programarile necesare la Rar/Politie.
Detalii, programare test drive sau calcul rate la nr de telefon 07******09
Pret: 4290 euro, negociabil
Simularile de rate se pot efectua si de la distanta, telefonic sau whatsapp!"
seat,Leon,7 750 €,1 989 cm³,184 CP,Diesel,Hatchback,225 800 km,Gri,2013,Manuala,"Seat Leon FR 2013 2.0 Diesel/184 CP
- Echipare FR
- Faruri și stopuri Matrix full LED
- ⁠ (lane asist ,side asist )
- Oglinzi rabatabile electric
- Senzori de parcare fata/spate cu afisaj
- Jante originale FR18 cu cauciucuri de vara noi
-225800 km
Interior:
- Cutie manuala 6+1
-Tapiterie Piele + textil model FR
- Sistem Sonorizare SEAT SOUND
Asistenta și siguranța:
- Front Assist
- Pilot Automat Adaptiv
-HBA - High Beam Assist ( Comuta faza lunga automat )
- Moduri de Condus ECO/CONFORT/INDIVIDUAL/SPORT
-Radio cd, navigație,comenzi volan,
-Incalzire în scaune ,senzori ploaie
-12xaiebag
- Senzori de parcare fata/spate cu afisaj
- ⁠masina este înmatriculată recent în RO in luna 08.2025
-Discuri fata și spate schimbate plus plăcute frana noi
-distributie schimbată noua
-Ulei și toate filtrele schimbate noi
-Masina se vinde doare cu transcriere."
seat,Ibiza,3 350 €,1 199 cm³,75 CP,Diesel,Break,235 000 km,Negru,2013,Manuala,"SEAT IBIZA 1.2 TDI ECOMOTIVE - 2013
DOTARI:
-cutie manuala 5+1
-geamuri electrice fata+spate
-oglinzi electrice + incalzite
-clima pe 2 zone
-scaune fata incalzite
-volan in piele
-comenzi pe volan
-start/stop
-pilot automat
-carlig remorcare
-proiectoare de ceata
-roata de rezerva
Masina utilizata zilnic si intretinuta corespunzator, revizii la timp. Prezinta urme normale de uzura pentru varsta, motor economic cu consum redus.
Cauciucuri de iarna incluse in stare buna.
ITP valabil 05.2026
NU sunt interesat de schimburi."
seat,Exeo,2 250 €,1 968 cm³,143 CP,Diesel,Break,444 000 km,Negru,2011,Manuala,"JOY AUTOMOBILE SALISTE
Va punem la dispoziție un sistem avantajos de rate către :
*Persoane fizice angajate pe teritorul României
*Persoane fizice angajate in strainatate;
*Persoane fizice cu venituri din pensie
*Soferi comunitate + diurna
*Indemnizatie creste copil
*Persoane juridice
NOU ! FINANTAM  INCLUSIV PERSOANELE CARE SUNT IN BIROUL DE CREDIT PRIN MOGO IFN!! Important sa fie platita datoria care v-a dus in biroul de credit
#  Credit auto cu aprobare rapida
#  Rate fixe începând de la 50 € / Luna
#  Dobânda fixa începând de la 1% pe luna
#  Documentație minimă
#  Doar cu buletinul
#  Aprobare în 2 ore
#  Fără avans
# Sistem Buy-back ( masina ta poate fi avans)
# Posibilitate Test Drive
# Numere provizorii
# Posibilitate vizionare autoturism apel video
# Transport gratuit in toata tara
# Km certificati / oferim serie VIN
# Punem la dispoziția dumneavoastră documentația în vederea înmatriculării
Seat Exeo , an fabricație 2011 ,motor 1968 diesel cu 143 de cai , Euro 5
Import Germania
*Garantie 12~24~36 Luni*
Cutie manuala 6+1 trepte
Dublu Climatronic
Volan piele multifuncțional
Pilot automat
Senzori parcare spate
Senzori lumina
Senzor ploaie
Cotieră față/spate
Radio Cd , MP3
Board computer
4 Geamuri electrice
Oglinzi rabatabile electric
ABS, ESP
8 X Air-bag
Inchidere centralizată
2 Chei
Geamuri fumurii
Jante aliaj R 16"
seat,Altea XL,5 280 €,1 968 cm³,170 CP,Diesel,Hatchback,222 280 km,Alb,2010,Manuala,"Seat Altea 4
Model : Freetrack
Fabricatie : 07.2010
Motor : 2.0 Diesel
Putere : 170 CP
Cutie viteze manuala 6 + 1 trepte
Euro 5
Tracțiune integrala 4X4
Unic Proprietar în Germania
Vopsea originala
Stare tehnica foarte buna!
VIN : VSSZZZ5PZBR005079
RAR Efectuat
D O T A RI :
Dublu-Climatronic cu afisaj
Geamuri electrice fata și spate
Oglinzi electrice încălzite și retractabile
Interior sport din textil in stare foarte buna, fără rupturi sau zgârieturi
Computer de bord complex
Linie audio originala  Aux si USB
Jante aliaj R17
Cauciucuri M+S Dunlop dot 2024
Pilot automat
Proiectoare ceata cu funcție cornering
Inchidere centralizata
Sistem de fixare ISOFIX
Suport pahare
2 chei
Privacy Glass
Perdelute Geamuri
Carlig remorcare
Filtru particule activ ( tobe curate )
•Posibilitate Rate ,Cash , Buy~Back și Test Drive.
POSIBILITATE DE VÂNZARE IN RATE !!!
Acest autoturism se poate finanța pentru :
‍Persoane Fizice :
- Cu istoric negativ in biroul de credit si 20%avans-in functie de istoricul clientului
- Contracte de munca din AFARA TARII (din strainatate ) si 0 % avans
- Cu venituri din diurna
- Persoanele cu pensii din Romania vârstă maxima 70 de ani
-cu venituri din Prenatal
‍Persoane juridice :
• Firme PFA, întreprinderi individuale, SRL
•••Posibilitate de închidere anticipata si recalcularea creditului •••
Verificarile și detaliile pentru rate se pot face TELEFONIC,Whats”App SAU LA SEDIUL NOSTRU !
OFERIM NUMERE ROȘII (Provizorii) PE LOC!!!
Km 100 % Verificabili
-Masina se prezinta intr o stare foarte buna atat tehnic cat si optic
-Firma noastra detine autovehicule ce pot fi verificate in orice service autorizat!!!
-Se eliberează factura cu km trecuți pe ea!!!
BuyBack -PRELUAM MASINA DUMNEAVOASTRA CA AVANS PT ORICE MASINA DIN PARCUL NOSTRU
* In caz de nelamuriri cu privire la optiunile prezentate / stare tehnica sau estetica puteti sa ne contacta telefonic."
seat,Ibiza,3 500 €,1 790 cm³,212 CP,Benzina,Coupe,222 000 km,Negru,2005,Manuala,"Seat Ibiza FR, 1.8-20V VT , BJX, 212 CP.
Este o masina pentru pasionati, nu pentru oricine. E genul de masina care-ti pune zambetul pe buze de la prima acceleratie
cu urmatoarele imbunatatiri :
- suspensie arcuri sport, telescoape noi
- bara rigidizare
- discuri frana perforate fata - spate
- traseu evacuare inox, 76 mm, cu catalizator sport, pana la toba finala
- ambreiaj racing
- suporti motor noi
- bucse brate powerflex
- antibalans poliuretan powerflex
- blow off valve
- mp3 player JVC, cu conectivitate Bluetooth, Spotify, DAB, carkit, difuzoare Hertz.
Intretinere efectuata in urma cu 5000 km in service :
- Kit distributie, pompa de apa, intinzator
- curea accesorii
- etrier dreapta spate
- schimb de ulei si filtre
- reincarcare freon si revizie compresor AC.
Arata foarte bine pentru varsta ei, se comporta exemplar si este destinata unui pasionat care se poate bucura de ea si, daca se doreste, sa o duca la nivelul urmator. Este importata din Olanda, toate upgrade-urile au fost facute acolo. Detin documente care arata intretinerea ei. Review pt cei interesati: https://youtu.be/W9L_TSdYarc?si=RyeBO4r27f-pnxFG"
seat,Ibiza,3 800 €,1 200 cm³,105 CP,Benzina,Hatchback,107 000 km,Albastru,2013,Manuala,"Seat Ibiza
1,2 Benzina (105 Cp)
Motor in 4 pistoane : TSI
Model Facelift - an de fabricație 2013
Km-107 575 km reali : carte service la zi, serie de șasiu
VSSZZZ6JZRDR090017 - import Germania
Faruri cu xenon
Spălători faruri
Climatronic
Navigație
Încălzire in scaune
Senzori lumini/ploaie
Senzori presiune roti
Geamuri electrice
Oglinzi electrice /rabatabile/ incalzite
Volan din piele
Comenzi volan
Oglinda retrovizoare antiorbire electrica
Bluetooth
Inchidere centralizată pe cheie tip briceag
ESP
Servodirecție electrica
Alarma
Computer bord
Auxiiliar
Radio CD MP3
Cauciucuri noi de vara Brigestone dot săptămâna 09/23
Jante din aliaj originale Seat
Cotiera
8 Airbag
Mașina se prezintă foarte bine atât tehnic și cât estetic. Fără vreo problema. Accept orice test autorizat
Preț negociabil la fata locului in limita bunului simt.
Preț în euro 3990"
seat,Alhambra,14 990 €,1 968 cm³,184 CP,Diesel,Monovolum,230 000 km,Alb,2018,Automata,"* Seat Alhambra Style *
* 25.11.2017 *
* Euro 6 | 2.0 Diesel *
* 184 CP | 135 KW *
‼️‼️ PREȚ : 14.990 € ‼️‼️
*** KM : 230.000 ***
- Cutie Automata DSG - Schimba Ireproșabil !
- 4 Drive - Tracțiune Integrală 4x4
- Bi-Xenon Adaptiv dupa curba ( KurvenLight )
- Full Panoramic - Față + Spate
- Navigatie Mare 3D RNS 510 full RO + EU
- Cameră Marșarier
- Parbriz Încălzit
- Perdeluțe spate
- Climatronic pe 3 zone Față + Spate
- Încălzire Scaune + Scaune electrice + Memorie Scaune
- Day Light + Full Led
- Padele volan F1
- Dublu Climatronic cu afisaj electronic
- Coming home / Leaving Home
- Sonorizare Profesionala VW
- Faruri Automate
- Full led interior / exterior
- Insertii interior placate Piano Black
- Jante aliaj 16""
- Cauciucuri NOI !!!
- Volan Piele Sport Multifuncțional comenzi vocale + comenzi volan + Padele F1
- Tempomat cu limitare variabilă a vitezei SPEEDTRONIC și funcție HOLD
- Asistent pentru limitarea viteze
- Sistem Emergency Call System Comand
- Oglinzi electrice + incalzite + heliomate + rabatabile electric
- Senzori : Parcare Fata + Spate / Lumini / Ploaie / Pneuri / Antioribire
- Bluetooth Telefon / HDD 120 Gb / Aux / Card Reader / USB / CD / Radio
- Auto Hold
- Full Pachet Crom
- Torpedou refrigerat
- Priza Electrica 230 V
- Follow / Leave me home
- Geamuri ionizate fabrica
- Geamuri electrice (x4)
- ESP | ABS
- Frana de mana electrica
- Start/Stop semafor
- 2 chei
- ETC ... +++
* Tara Provenienta : GERMANIA‼️
* Înmatriculată RO : Ianuarie 2024
* Masina nu necesită nici o investiție : Schimbat volantă + distribuție + ulei cutie + alternator + ulei diferențial toate cu facturi doveditoare + ... etc
* Masina este IMPECABILA ‼️ Atat tehnic cat si estetic ‼️
* Masina fara daune sau elemente revopsite !!!
* Masina pentru pretențioși !!!
* Masina personală a familiei !
* Unic proprietar in Romania !
* Accept orice test autorizat !
* Ofer serie caroserie la cerere *
* Am rugămintea să nu deranjați cu oferte aberante ! Prețul mașinii e ușor negociabil ‼️
‼️ FĂRĂ VARIANTE ‼️"
seat,Ibiza,7 500 €,1 000 cm³,95 CP,Benzina,Hatchback,95 000 km,Albastru,2018,Manuala,"Seat Ibiza 2018 1.0 TGI  Benzina cu CNG Varianta cu rezervorul de benzina de 40l iar CNG 11KG
Senzori parcare spate
Senzori lumini
Senzori ploaie
Cornering
Lumini de zi
AC
Limitator de viteza
Scaune încălzite
Oglinzi electrice
Toate Reviziile Efectuate la reprezentanta dețin facturi"
seat,Toledo,1 400 €,1 600 cm³,105 CP,Benzina,Berlina,220 000 km,Gri,2001,Manuala,"Vand Seat Toledo 1.6 L , 16V benzina.
Putere motor 77 KW.
An fabricatie 2001, Km parcursi 220.000 reali.
Computer de bord
Climatronic
Senzori de parcare
Oglinzi electrice
Geamuri electrice
Stare foarte buna
Culoare gri metalizat
Pret   1400    euro"
seat,Leon,3 950 €,1 985 cm³,140 CP,Diesel,Hatchback,270 000 km,Negru,2007,Automata,"Vând Seat Leon 1P, an fabricație 2007, motorizare 2.0 TDI cod BKD – 140 CP, cutie automată în stare foarte buna.
Mașina are 268.629 km reali și a fost adusă pe roți din Olanda în România în septembrie 2024.
Dotări și specificații:
Cutie automată funcțională, ulei cutie schimbat la 256.000 km(ulei Ravenol)
Climatronic perfect funcțional
4 geamuri electrice
Volan îmbrăcat în piele, cu comenzi pe volan
Pilot automat
Senzori de lumină și ploaie
Jante aliaj originale Seat R16
ABS, ESP, airbaguri frontale și laterale
Senzori de parcare față/spate și camera marsarier.
Navigație cu Apple CarPlay și android auto fără cablu.
Plafon retapitat cu alcantara.
Schimbat calculator bord.
Interior îngrijit, fără fumători
Întreținere:
Ulei cutie automată schimbat la 256.000 km
Distribuție + pompă de apă schimbate la 250.000 km
Ulei motor și filtre schimbate la 265.500 km
Curatat EGR, inlocuit furtune antigel, schimbat telescoape portbagaj.
ITP valabil până la 29.11.2025
Consum redus și comportament foarte bun.
Mașina este întreținută cu seriozitate, fără probleme majore, pregătită pentru drumuri lungi sau utilizare zilnică.
Pentru mai multe detalii sau pentru vizionare, mă puteți contacta la telefon."
seat,Arosa,800 €,N/A,N/A,Benzina,Coupe,176 000 km,Gri,2005,Manuala,"Vând Seat Arosa motor 1.0 benzină din 2005 cu 176.000 km în creștere
Proprietar, cu toate actele valabile
Ofer fiscal și un set separat de roți iarnă"
seat,Tarraco,Schimb,N/A,150 CP,N/A,SUV,123 000 km,Albastru,2019,N/A,"PRET NEGOCIABIL
Seat Tarraco Xcellence masina spațioasă, foarte bine dotata, aflata într-o stare foarte buna de funcționare.
Masina ideala pentru concedii datorita spațiului interior si portbagajului.
Similar Volkswagen Tiguan Allspace sau Skoda Kodiaq.
Mai mare decât HYUNDAI TUCSON, KIA SPORTAGE, BMW X3, AUDI Q5 sau VW Arteon.
-Prima Inmatriculare 2019
-motorizare benzina 1.5 tsi 150 cai - Impozit si asigurarea mica
-euro6
-tractiune fata ( 4x2 ) consum de benzina redus, datorita faptului ca la o viteza constanta întra in regim ECO 2 cilindri. Se alimentează doar 2 pistoane cu combustibil din 4 când întra in regim ECO.
-cutie manuala 6 trepte - scapi de revizia unei cutii automate care poate ajunge in jur de 500 euro
Masina are foarte foarte multe dotari
-kilometri 100% reali
-culoare albastru metallic
-Navigatie color
-climatronic digital 3 zone
-pilot automat
-computer de bord
-volan sport din piele cu comenzi
-Virtual Cockpit
-4 geamuri electrice
-oglinzi electrice incalzite si rabatabile electric
-inchidere centralizata(2chei)
-linie audio premium Beats Sound System
-pachet lumini ambientale
-faruri led automate
-camera marsalier
-soft close portbagaj
-folie autorizata
-senzori de ploaie si lumina
-senzori parcare fata+spate cu afisaj pe display
-pachet chrom
-incalzire banchete spate
-Start-Stop
-Keyless Go
-Keyless Entry
-Acc
-Front Assist
-Blind Spot
-Asistenta iesire parcare
-Apple Car Play&Android Auto
-schimbul de ulei + filtre efectuat la 116500 km
-kit distribuție + kit accesorii + bujii schimbat in reprezentanța
-jante pe 17 de iarna
- Primul proprietar in România. Nu sunt intermediar.
Detin istoric service. Fara martori aprinși in bord. Masina funcționeaza foarte bine.
Serie șasiu VSSZZZKNZKW011126
Accept si recomand test reprezentanța.
Motivul vanzarii, doresc un upgrade la un suv cu cutie automata. In acest sens doresc schimb cu masina  după 2018 automata. Ofer diferența!
Cu stilul său unic se evidențiază clar dintre următoarele modele:
Ford Kuga,Mondeo,Kia Sportage, Sorento,Hyundai Kona,Tucson,Santa Fe, Mitsubishi Asx,Outlander Phev,Lexus Nx 450h+,Volkswagen Golf,Passat Alltrack, T-Roc,Tiguan,Touareg,Skoda Octavia, Superb,Karoq,Kodiaq,Volvo S60,S90, Xc40,Xc60,Xc90,Bmw X1,X2,X3,X4,X5, seria 3, seria 5,Toyota rav4,Honda chr, hrv,Audi A4,A5,A6,Q1,Q2,Q3,Q5,Q7, Mercedes-Benz c class,e class,glk,glc, gle,glb,Renault Koleos,Kadjar,Talisman, Cupra Formentor,Seat Arona,Ateca, Tarraco,Nissan Qashqai,X-Trail,Mazda Cx30,Cx3,Cx5."
seat,Ibiza,3 990 €,1 200 cm³,N/A,Diesel,Break,289 021 km,Negru,2013,Manuala,"2013 Seat Ibiza ST-Line E-Ecomotive/Facelift/Edition Luxury
*Seat Ibiza ST-Line
*Culoare deosebita Black Pearl
*Fabricatie: 02/2013
*Motor 1.2 TDI 5+1 Trepte
*Consum 4.5% - 5%
*EURO 5
*Import recent Olanda
*Climatronic cu afisaj Digital
*Bord Cluster MAXI DOT
*Computer Bord
*Oglinzi Rabatabile Electric
*Parktronic - Senzori de parcare
*Pilot Automat
*Start-Stop
*Bluetooth
*Radio CD MP3-AUX-USB
*Comenzi Volan
*Volan Sport din Piele
*Follow me home
*Cotiera Originala
*Volan reglabil
*4 Geamuri Electrice
*Servotronic
*Funcția Active-Shift pentru anunțarea schimbării treptelor de viteză
*Privacy Glass
*Torpedo refrigerat
*Oglinzi Electrice Incalzite Heliomate
*Inchidere Centralizata
*Senzori Lumini/Ploaie/Pneuri
*Jante Aliaj Originale SEAT
*Proiectoare ceață
*ABS ESP TC
*DBC (Downhill brake control)
*Air Quality Sensor
*Bare longitudinale pe plafon
*Geamuri atermice fumurii omologate
*Airbaguri Frontale + Laterale + Cortine
*Oglinda retrovizoare interioara electrocroma
- Se Poate Vinde Cash/ Transfer Bancar/ RATE Tbipay Avans ZERO
***Detin absolut toate actele necesare in vederea inmatriculari/rog si ofer seriozitate !!!
***Variante la 6000E / NU DERANJATI INUTIL CU HALE , TRACTOARE...ETC"
seat,Ateca,12 999 €,1 390 cm³,150 CP,Benzina,SUV,189 000 km,Albastru,2017,Manuala,"Seat Ateca 08/2017
Motor 1.4 benzina 150 CP Euro 6
Cutie viteze manuala 6+1 viteze
Masina a venit din Germania pe roti cu nu ere valabile
Un singur proprietar persoana fizica
Interior / exterior fara urma de uzura
Tehnic fara defect
Diatronic ( franeaza si menzite distanta fata de auto din fata )
Lane Assist ( mentine banda de mers , vireaza volanul singur )
Side Assist ( avertizare unghi mort in oglinzi )
Keyless go / entry ( se deschide si porneste cu cheia in buzunar )
Camera 360°
Senzor oboseala
Faruri full LED
4 moduri de condus
Portbagaj electric
Plafon panoramic
Scaune incalzite
Interior din piele foarte ingrijit
Pilot automat
Computer bord
Navigatie mare
BT connection
Usb/aux/slot card
Lumini ambientale interior / exterior
Jante originale 17"""
seat,Leon,7 290 €,1 197 cm³,110 CP,Benzina,Hatchback,78 000 km,Albastru,2016,Manuala,Vand Seat Leon fabricat in 2016 cu motor pe benzina de 1.2 TSI in 4 pistoane cu 78000 km in stare perfecta de functionare !!!IMPECABILA !!! Masina arata si merge ca noua !CARTE SERVICE !!! Import Germania ! 2 chei cu telecomanda !Nu fac schimburi si nu raspund la mesaje !!!Accept orice test !!!
seat,Ibiza,5 999 €,1 197 cm³,105 CP,Benzina,Hatchback,128 029 km,Alb,2016,Manuala,"Seat Ibiza Facelift 1.2 TSI EURO 6/ 2016.8 / Navi/Clima/PDC/RATE
NU RATA OFERTA Noastra de BLACK FRIDAY -500€ la orice autoturism achiziționat pana in 01.12.2025
Iti iei masina ACUM si ti raman bani si de CRACIUN
Pret vechi:  6499€
PRET NOU **** 5999****
128.029 km | An: 2016.08 |
Benzina | 1.2 TSI  | Cutie Manuala 6+1
Consum 5% mixt
Locatia:  Strada Bulevardul București 54
Rate de la 550Lei / Luna
Beneficii:
Kilometraj  – trecut pe factură
Istoric verificat în service autorizat
Garanție personalizată
Eligibil pentru finanțare
Condiții de eligibilitate pentru achiziție în RATE:
Minimum 3 luni vechime la actualul loc de muncă
Acceptăm persoane cu istoric negativ în Biroul de Credit
Acceptăm venituri din străinătate (contract de muncă), cu girant în România
Vârsta: între 18 și 70 de ani
Fără limită la gradul de îndatorare
RATE disponibile doar cu buletinul – online sau direct în parc, în maxim 2 ore!
Avans 0%
Rate egale
Dobândă: 1%/lună
Plata în cash sau prin transfer bancar
Jante Aliaj Usor Originale  R17 Cauciucuri Vara !
Scaune Confort foarte Ingrijite
Scaune Incalzite 3 Nivele
* Sistem Multimedia / Bluetooth / Aux / Mp3
* Senzori Parcare  Spate
* Climatronic Funcțional
* Computer de bord extins
* Oglinzi Incalzite Reglabile Electric
* Oglinda retrovizoare electrocromatica
* Volan reglabil imbracat in piele cusatura Alba
* Geamuri Electrice Fata/ Spate
* Trim-uri interior Grey / Metalic
* Comenzi volan
* Cotiera Fata / Spate
* Torpedou Frigorific
* Airbag-uri fata (sofer + pasager), laterale fata si cortina fata /spate
* Senzori ploaie
* Senzori lumini
* Pachet fumatori
* Proiectoare ceata
* Follow me home
Va multumim ca vizualizati aceasta oferta precum si alte oferte prezente in locatia noastra!
DISPONIBILI 24/7"
seat,Altea,1 350 €,1 896 cm³,105 CP,Diesel,Hatchback,236 000 km,Gri,2007,Manuala,"Vând SEAT ALTEA 2007
--> Motor 1.9 TDi 105 Cp
--> Cutie de viteze manuala 5+1 trepte
--> Aer conditionat functional
--> Geamuri electrice
--> Inchidere centralizata
Defecte specifice varstei. Primul proprietar in tara."
seat,Leon,11 500 €,2 000 cm³,150 CP,Diesel,Break,212 000 km,N/A,2021,Automata,"Seat leon 2021  2.0 tdi xcellence
150 cai putere
Interior semi piele
Volan cu comenzi incalzit
Padele
Instrumental de bord digital
Clima pe 3 zone
Incalzire in scaune
Line asist
Distronic
Asistenta la parcare
Front asist in caz de impact frontal
Auto hold
Frand de mana automata
Cutie automata dsg 7 rapoarte
Moduri de condus  normal si sport
Senzori fata spate
Senzori lumina si ploaie
Portbagaj electric
Euro 6  adblue
Lumini led
Proiectoare led
Semnalizari dinamice
Lumini ambientale
212 000 km
Masina este recent adusa din Danemarca
Detin numerele provizorii pentru Rar
Masina arata si se comporta exceptional
Nu ma interesează schimb
07******27"
seat,Ibiza,4 899 €,1 200 cm³,70 CP,Benzina,Hatchback,215 000 km,Negru,2014,Manuala,"Vand Seat Ibiza Facelift an fabricatie 2014 cu motor de 1,2 benzina 70cp Euro5 cutie manuala 5+1 viteze recent adusa in stare Impecabila!
Dotar: Navigatie, Dublu Climatronic, Tempomat (pilot automat), Computer de Bord, Incalzire in Scaune, Comenzi volan, Volan Sport Piele, Abs, Esp, 2x Geamuri electrice, Oglinzi electrice si Incalzite, 6x Airbag, Mp3 CD Player original, Scaune Sport multireglabile, Faruri reglabile electric, Volan reglabil, Torpedou frigorific, Cotiera fata si spate, Suport pahare, Proiectoare ceata, Senzor ploaie si senzor lumina, Oglinda retrovizoare heliomata, Geamuri cu Tenta, Jante aliaj, Asistenta Urcare Coborare Panta etc. 215000 km originali reali verificabili cu dovezi, Ofer Serie Vin pentru Verificare Istoric!
Masina este recent adusa in stare Impecabila atat estetic cat si functional, Fara Greseala, Merita vazuta si Incercata, Accept orice test. Pret 4890 euro negociabil la fata locului, NU FAC SCHIMB!"
seat,Leon,12 490 €,1 598 cm³,115 CP,Diesel,Break,67 000 km,Alb,2019,Automata,"Proprietar, vând seat leon st 1.6 tdi DSG (7+1)
Prima inmatriculare: aprilie 2019
Km reali: 67.000
Varianta echipare Style
Pilot automat cu menținerea distantei fata de vehiculul din fata
Senzori de parcare fata spate cu frânare automata in cazul unui obstacol
Geamuri electrice fata spate
Dublu climatronic cu ventilație si pentru pasagerii din spate
Auto hold si start/stop
9 airbaguri (unul fiind pentru șofer la genunchi)
Senzori lumina/ploaie
Android auto si Apple car play
Încălzire in scaune
Spalator faruri
Priza in portbagaj
Etc
Masina de nefumător!
Necesita revizia de ulei si filtre (ultima revizie a fost efectuata acum aprox. 12 mii km), se scade din prețul mașinii.
NU ma interesează schimburi sau alte combinații.
Nu a fost implicata in accidente, toate piesele de caroserie sunt originale, singurele 2 elemente revopsite sunt barile fata/spate din pricina unor mici zgârieturi căpătate prin parcările publice.
Accept testare service unde doriți.
Serie șasiu: VSSZZZ5FZKR025485
Pret: 12.490 euro negociabil"
seat,Ibiza,4 690 €,1 200 cm³,70 CP,Benzina,Hatchback,219 000 km,Alb,2014,Manuala,"Vand Seat Ibiza Chilli Style din 2014 cu motor classic de 1,2 benzina 70cp Euro5 cutie manuala 5+1 viteze recent adusa in stare Impecabila!
Dotari: Climatronic,Computer de Bord, Comenzi volan, Abs, Esp, 2x Geamuri electrice, Oglinzi electrice si Incalzite, 6x Airbag, Mp3 CD Player original, Scaune Sport multireglabile, Faruri reglabile electric, Volan reglabil, Torpedou frigorific, Cotiera fata si spate, Suport pahare, Proiectoare ceata, Geamuri Spate Fumurii (cu tenta), Jante aliaj originale etc. 219000km originali reali verificabili cu dovezi, Ofer Serie Vin pentru Verificare Istoric!
Masina este recent adusa in stare Impecabila atat estetic cat si functional, Fara Greseala, Merita vazuta si Incercata, Accept orice test. Pret 4690 euro negociabil la fata locului, NU FAC SCHIMB!"
seat,Leon,5 290 €,1 200 cm³,105 CP,Benzina,Hatchback,122 856 km,Alb,2013,Manuala,"Seat Leon 1.2 benzină TSI // An fabricație 2013 // Euro 5
Preț 5.290( Disponibil și în rate, cu sau fără avans)
Motorizare•1.2 Benzină TSI
Cutie de viteze•Manuală 6+1 rapoarte
An fabricație•2013
Norma de poluare•Euro 5
Putere•105 CP
Kilometraj•122.856
•Seria de șasiu ( VIN )
VSSZZZ5FZDR016256
Adusă recent din Germania
Unic proprietar de nouă achiziție
Dotări
Faruri automate
Cornnering light
Dublu climatronic
Tempomat
Limtator de viteză
Navigație touchscreen
Volan multifuncțional
Volan ajustabil
4x Geamuri electrice / automate
Senzori de parcare
Senzori ploaie
Sensori pneuri
Auto- Start / Stop
Oglinzi electrice / heliomate / încălzite
Jante din aliaj
Anvelope de iarnă
Pentru informații suplimentare nu ezitați să contactați 07******20"
seat,Ibiza,4 000 €,1 195 cm³,N/A,Diesel,Break,N/A,N/A,2012,Manuala,"Vând Seat Ibiza facelift
Motor 1.2
Anul 2012
Euro5
Climatronic
Încălzire în scaune
Interior piele
Geamuri electrice
Oglinzi electrice încălzite
Computer bord
Închidere centralizată
Comenzi volan
Spălătoare faruri
Jante aliaj
Pilot automat
Start -stop
Navigație
Computer bord
2 chei
Import Olanda
Mai multe detali la 07******62"
seat,Leon,10 000 €,1 990 cm³,N/A,Benzina,Hatchback,170 000 km,Alb,2009,Manuala,"Vând  Seat Leon  Cupra 1p 2.0 tfsi, cod motor BWJ , in stare foarte bună atât tehnic cat și estetic .
Motorul este refacut  si forjat in urma cu 1500 de km
Distribuția s-a înlocuit complet( inclusiv lanț și întinzător arbori cu came )  în urmă cu 1500 de km. Uleiul și filtrele s-au înlocuit pe 2.09.2025
Ca dotări se remarcă prin:
-faruri custom cu  bi-xenon adaptive
-dublu climatronic
-navigație Rns 510 cu bluetooth
- senzori de ploaie și lumini
-interior textil cu scaune scoică Cupra și plafon negru
-trapă electrică
-oglinzi rabatabile electric
Mașină are următoarele modificări :
•Motor forjat ( biele, pistoane,segmenti etc totul nou)
•Soft stage 2 plus făcut la DOP Motorsport cu Pops and Bangs la buton
•Admisie Evo Ms
•Pompa înalte Hitachi 72
•Pompa rezervor Bosch 044
•Supapa de retur Rs4
•Balansieri pompa ulei anulați
•Downpipe pe 76 și evacuare Custom cu clapeta electrică  pt anularea zgomotului
•Turbina k04 hibrid
•Blowoff Forge
•Tampon antibalans Powerflex
•Kit ambreiaj  Sachs Performance + volant masă simplă ușurat ( aprox 7kg)
•Injectoare RS3
• Diferențial autoblocant !
•Bobine R8 cu bujii bkr7eix (NGK)
•Suspensie reglabilă KW
•Jante aliaj OZ ULTRALEGGERA 18 inch cu anvelope noi montate acum 1500 km
•Capac motor carbon Eventuri
•Vopsit integral profesional alb perlat
Mașina arată și merge impecabil. Nu are martori aprinși  în bord sau erori .
Nu necesită investiții ulterioare!
NU ACCEPT SCHIMBURI!"
seat,Tarraco,26 990 €,2 000 cm³,200 CP,Diesel,SUV,170 000 km,Rosu,2022,Automata,"Seat Tarraco  FR Interior Exterior , Facelift  , Fabricație 2022 , Motor 2000 cmc , 200 cp ,     Euro 6, Cutie automată ( schimbă perfect ), Dublu Climatronic față + Climatronic spate ,"
seat,Ateca,15 850 €,1 968 cm³,150 CP,Diesel,SUV,177 300 km,Rosu,2019,Manuala,"Seat Ateca pachet FR 2.0TDI Euro6 150CP recent adus din Germania, ZOLL, full istoric, carte service complet!!!
Culoare rosu metalizat
Dotări: -FR-
*Bord Digital (VirtualCockpit)
*Faruri full LED cu spălătoare
*Proiectoare LED cu funcție cornering
*Stopuri full LED
*Front Assist (frânare în caz de urgență)
*Lane assist (mentine banda, vireazā singurā)
*Cruise control adaptiv / distronic (păstrează distanta-accelerează singură)
*Side assist (blind spot)
*Faruri automate
*Senzori de parcare 360 grade, parchează singură, cameră 360 grade
*Haion electric, soft close, priză portbagaj 220V
*Cârlig remorcare detașabil
*Senzori presiune anvelope
*Senzori de ploaie și lumini
*Senzor detectare oboseala la volan
*Oglinzi electrice, încălzite, pliabile din cheie și buton
*Parbriz încălzit
*moduri de condus
*Interior full piele cusatură roșie piele perforată
*Plafon negru
*Full Link (AndroidAuto/Apple CarPlay) Netflix, YouTube, Waze)
*Navigatie cu touchscreen, cu harta Europei inclusiv Romania
*Hard disk intern 30 gb, 2x sd card, 2x usb, dvd, mp3
*Dublu climatronic /Încalzire scaune
*Jante aliaj 19 originale Seat FR, anvelope iarnă
*Pachet shadow line
*Geamuri ionizate de fabrică
*Auto hold-asistent pornire din rampă
*Start-stop la semafor
*2xchei
*Lumini ambientale RGB portiere,picioare,praguri, praguri iluminate
Fără schimburi!!!Plata cash euro/lei"
seat,Ateca,15 150 €,1 968 cm³,190 CP,Diesel,SUV,190 385 km,Alb,2016,Automata,"Seat Ateca Xcellence 2.0TDI DSG 7+1 EURO6 cu AdBlue 4x4 permanent 190CP recent adus din Germania, fără daune, fără elemente revopsite, full istoric, carte service complet!!! Mașină pentru pretențioși, îngrijită, fără zgărieturi, lovituri, interior curat fără rupturi/uzuri!!!
Culoare alb perlat
Dotări: -Xcellence-
*Faruri full LED cu spălătoare
*Proiectoare LED cu funcție cornering
*Stopuri full LED
*Front Assist (frânare în caz de urgență)
*Cruise control – tempomat
*Faruri automate
*Senzori de parcare 360 grade, parchează singură, cameră marșarier
*Cârlig remorcare cu acționare la buton
*Haion electric, Soft close, deschidere cu piciorul
*Parbriz încălzit
*Senzori presiune anvelope
*Senzori de ploaie și lumini
*Senzor detectare oboseala la volan
*Oglinzi electrice, pliabile din cheie și buton
*6 moduri de condus:Eco, Normal, Sport, Individual, Offroad, Snow
*Interior textil + alcantara scaune față încălzite
*Plafon negru
*Seat sound – sistem sonor performant, subwoofer portbagaj, control vocal
*Full Link (AndroidAuto/Apple CarPlay) Netflix, YouTube, Waze)
*Navigatie cu touchscreen, cu harta Europei inclusiv Romania
*Hard disk intern 30 gb, 2x sd card, 2x usb, dvd, mp3
*Dublu climatronic /Încalzire scaune
*Jante aliaj 18 originale Seat, anvelope vară
*Pachet crom exterior, bări cromate
*Geamuri ionizate de fabrică
*Auto hold-asistent pornire din rampă
*Keyless entry-deschidere/Inchidere cu amprentă ,cheia in buzunar
*Keyless go-pornire la buton
*Start-stop la semafor
*2xchei
*Lumini ambientale RGB portiere,picioare,praguri
Masina în stare impecabilă, se acceptă orice testatre autorizată!!!
Fără schimburi!!!Plata cash euro/lei"
seat,Ibiza,1 600 €,1 200 cm³,75 CP,Benzina,Hatchback,200 000 km,Gri,2007,Manuala,"Seat ibiza an fabricatie 2007 itp valabil pana in august 2026, ac functional, 200000 km, player bluetooth."
seat,Altea,1 900 €,1 595 cm³,105 CP,Benzina,Berlina,242 000 km,Albastru,2007,Manuala,"Vand Seat Altea 1.6 benzina 105 cp, an fabricatie 2007 in stare buna de functionare.
Pret: 1900 euro negociabil"
seat,Ibiza,5 099 €,1 196 cm³,69 CP,Benzina,Hatchback,186 718 km,Alb,2014,Manuala,"SEAT Ibiza 2014-Euro 5 PRET NEGOCIABIL
Nu necesită nici o investiție.
Perfectă pentru începători sau pentru navetă.
. An fabricație: 2014
• Motor: 1.2 benzină, cu distribuție pe lant
• Cutie: Manuală
• Caroserie: 2 uşi
• Stare tehnică: Toate schimburile efectuate (ulei, filtre, plăcuțe de frână)
‣ Îmbunătățiri: Faruri noi, baterie nouă
• Emisii: Euro 5
• Îmatriculată: Da
Prețul este  negociabil .
Pentru mai multe detalii sau pentru a programa o vizionare, nu ezitaţi să mă contactaţi !"
seat,Ateca,16 499 €,2 000 cm³,190 CP,Diesel,SUV,228 000 km,Negru,2018,Automata,"Seat ateca FR an 2018
Motor 2.0 diesel 190 cp euro 6
Km reali verificabili
228k
Carte service
Distronic
Line assist
Front assist
Senzori fata/spate
Padele
Jante 18 originale FR
Cauciucuri noi vara hankook
Faruri full led
Stopuri led
Lumini oglinzi
Oglinzi electrice rabatabile
Trapa panoramic
Carlig remorcare atasabil
Interior:
Navigatie mare
Comenzi volan
Camera marsalier
(Bluetooth,magazie cd,gps)
Dublu climatronic
Scaune incalzite
Parcare asistata
(Parcheaza singura)
Volan FR cu comenzi
Pilot automat
Moduri de condus
Cutie automata 7+1
Lumini ambientale
Interior alkantara cu textil
Chit reparatie pana
MERITA VAZUTA!!!
R.A.R EFECTUAT!"
seat,Ateca,12 250 €,1 998 cm³,150 CP,Diesel,SUV,256 213 km,Alb,2017,Manuala,"Vand Seat Ateca 2017, motor 2.0 150cp , euro 6 cu adblue , cu urmatoarele dotari:
Nu s-au scos nr rosii , se pot scoate pe 3 luni!!
La cerere ajut cu transportul pe platforma!
- cutie manuala 6+1 trepte
- nivel echipare Xcellence
- tractiune integrala (4Drive)
- navigatie full harti europa + romania
- istoric complet din 2017-pana in prezent in reprezentanta Seat
- faruri full led(gama de top)
- stopuri full led
- keyless go/entry(porneste cu cheia in buzunar)
- front assist(franeaza singur in caz de impact)
- ACC distronic + , mentine,accelereaza,franeaza singur viteza
- rear trafic monitorizează traficul în timp ce deplasați cu spatele. RCTA utilizează senzori radar pentru a detecta vehiculele care se apropie din lateral atunci când ieșiți cu spatele dintr-un loc de parcare și avertizează șoferul.
- lane assist asistență pentru menținerea benzii de circulație
- blind spot assist avertizare unghi mort
- senzori parcare 360 grade
- pilot automat tempomat
- moduri de condus (Eco, sport , normal, individual , offroad ,snow)
- lumini ambientale(usi,picioare,manere)
-plafon negru
- scaune impecabile alcantara+piele
- incalzire scaune pe 3 nivele
- oglinzi incalzite si rabatabile electric
- frana de mana electrica
- bluetooth,usb,aux
- carlig rabatabil electric
- volan imbracat in piele cu comenzi
- senzori ploaie
- senzori lumini
- 2 chei
- jante originale seat cauciucuri vara dot 2024  (se ofera un al doilea set de jante originale de iarna)
- cotiera fata/spate
- exterior full crom
- 4x geamuri electrice
Accept orice fel de test autorizat se ofera seria pentru verificare!"
seat,Ibiza,3 750 €,1 200 cm³,75 CP,Diesel,Break,269 500 km,Gri,2013,Manuala,"- Seat Ibiza 1.2 tdi / Euro 5 / Model an 2013
- Climatronic
- Geamuri electrice
- Oglinzi electrice, incalzite si rabatabile electric
- Computer bord
- Pilot automat (tempomat)
- Functia auto-hold / Start-Stop
- Cd-Radio original Seat
- Comenzi volan
- Incalzire in scaune
- Spalatoare faruri
- Proiectoare ceata cu functia cornering
- Inchidere centralizata
- Jante aliaj cu anvelope de vara + setul de iarna de pe masina ... etc.
- Stare perfecta de functionare, ingrijita, km originali, fara accidente cu raport Carvertical !
- Mai multe detalii la telefon !
*Fara variante de schimb*"
seat,Leon,19 999 €,1 986 cm³,300 CP,Benzina,Hatchback,119 000 km,Gri,2021,Automata,"Seat Leon Cupra 300
Vând Seat Leon Cupra, în stare excelentă, atât tehnic cât și estetic.
Mașina este varianta full option, foarte bine întreținută, cu toate reviziile la zi.
An fabricație: 2021
Motorizare: 2.0 TSI 300 CP – DSG – 4Drive
Kilometraj: 119.000 km reali
Tracțiune integrală (4Drive)
Cutie automată DSG cu padele pe volan
Dotări principale:
•	Trapa panoramică mare
•	Distronic (Adaptive Cruise Control)
•	Line Assist și Front Assist
•	Evacuare sport originală Cupra
•	Scaune sport încălzite
•	Faruri Full LED
•	Navigație mare + Full Digital Cockpit
•	Sistem audio premium
•     Interior Alcantara și Carbon
•     Volan Custom Cu Alcantara
•	Keyless Entry & Go
•	Jante Cupra originale
•	Moduri de condus (Comfort / Sport / Cupra/Individual )
• Iluminat in fete de uși și la picioare din fabrică
•     Camera pe mansalier
•     Praguri , Difuzor și Eleron Lunetă Carbon
•     Etrieri BREMBO 4 pistonase cu discri fata de 370 mm
Accept și Variante cu SUV și diferență"
seat,Leon,3 250 €,1 600 cm³,105 CP,Benzina,Hatchback,224 580 km,Rosu,2007,Manuala,"Seat Leon /2007/1.6 MPI/Benzina
Motor 1.6 clasic
Mai multe detalii la telefon"
seat,Leon,8 400 €,1 968 cm³,150 CP,Diesel,Break,168 000 km,N/A,2014,Manuala,"Seat LEON ST FR 2014 2.0 tdi
Ca si dotari, masina are:
-cruise control(pilot automat)
-oglinzi electrice incalzite si rabatabile
-moduri de condus
-dublu climatronic
-incalzire in scaune
-senzori de parcare fata-spate
-pachetul FR interior-exterior si suspensie
La masina au fost schimbate amortizoarele in urma cu 8-10 mii km si distributia schimbata odata cu ele..De asemenea are cauciucuri noi care au un rulaj de aproximativ 1000 km.
Aceasta prezinta mici defecte estetice pe care vi le pot comunica ulterior si cand opresti motorul se aude cum circula un lichid( cred ca e de la o pompa sau ceva) dar nu afecteaza cu nimic functionarea masinii si urmeaza sa remediez aceasta problema, asta daca nu o vand inainte.Ca si investitii urmeaza revizia in aproximativ 2000 km.
Accept test doar in reprezentanta
Pentru alte detalii nu ezitati sa ma contactati."
seat,Leon,4 490 €,1 398 cm³,122 CP,Benzina,Hatchback,191 000 km,Gri,2011,Manuala,"Seat Leon 1.4 TSI 122CP • Manual • 2011 • Euro 5
Disponibil acum în parcul So-Pro Auto – Crevedia, Dâmbovița
Un hatchback compact, sportiv și economic, cu un look modern și dotări de top – perfect pentru oraș și drumuri lungi.
⸻
Preț: 4.490 EUR
Motor: 1.4 TSI – 122 CP
Cutie: Manuală
Tracțiune: Față
An fabricație: 2011
Kilometraj: 191.000 km reali
⸻
Garanție 12 luni FĂRĂ limită de kilometri (motor + cutie)
Finanțare disponibilă – avans de la 0%, rate până la 60 luni
Aprobare în maximum 2 ore
Buy-back – poți da mașina ta la schimb
Test drive oricând
Parc autorizat
⸻
DOTĂRI – Seat Leon 1.4 TSI 122CP:
• Navigație mare cu Apple CarPlay / Android Auto
• Cameră pentru marșarier
• Dublu Climatronic (climatizare pe două zone)
• Bluetooth / USB / AUX
• Pilot automat (Cruise Control)
• Schimbător tip “NOS” sport
• Volan multifuncțional din piele
• Geamuri electrice față
• Oglinzi electrice și încălzite
• Jante din aliaj pe 17 inch
• Stopuri LED
• Lip bară față și spate + eleron sport
• Sistem audio performant
• Computer de bord
• Cotieră față
• Închidere centralizată + 2 chei originale
• Geamuri fumurii
• Istoric de service disponibil
⸻
Ne găsești în Crevedia, Dâmbovița, DN1 București – Ploiești, km 4
Caută pe Waze: So-Pro Auto
Contactează-ne în privat sau sună pentru detalii, finanțare și test drive.
Acte la zi + factură fiscală + certificat de garanție.
⸻
Vrei să dai mașina ta la schimb? O evaluăm pe loc și poți folosi valoarea ei ca avans."
seat,Alhambra,7 550 €,1 998 cm³,140 CP,Diesel,Monovolum,245 000 km,Negru,2013,Manuala,"Seat Alhambra 2012 Manual
7 Locuri
Adus recent se poate scoate 3 seturi de  nr roșu
KM 245730
Motor 2.0 TDI 140 Cp
Norma de poluare EURO 5
Dublu Climatronic fata+spate
Reglaj individual pasageri spate
Incalzire in scaune
Camera macsaler
Parbriz cu incalzire electric
Senzori de parcare fata+spate
Navigatie 3D Android
Interfata multimedia Touchscreen
Bluetooth Media Player,AUX
Telefon Handsfree Bluetooth
Computer Bord
Auto Hold
Pilot Automat+Tempomat
Functie ECO Start Stop semafor
4 Geamuri electrice privacy glass
Oglinzi electrice incalzite heliomate
Faruri bi-xenon și adaptive
Ușile Laterale Automate
Portbagaj electric 45
Splator faruri
Senzori lumini
Senzori ploaie
Senzori presiune roti
Cornering lights
Coming Home
Leaving Home
Day Lights lumini de zi
Perdelute geamuri laterale
Airbag-uri
Sistem Isofix pentru scaun copii
Cotiere fata+spate
ABS,ESP,Auto Hold
Frana de mana electrica
Proiectoare ceata
Jante Aliaj Originale
Interior foarte curat și îngrijit ca nou
Autoturismul arată și funcționează impecabil din toate punctele de vedere
Mai multe info telefon
07******52"
seat,Tarraco,17 700 €,1 986 cm³,150 CP,Diesel,SUV,175 000 km,Negru,2020,Manuala,"Seat Tarraco , an 2020 7 locuri transmisie manuală
Proveniența Germania
175000 km
WEBASTO-incalzire auxiliara cu telecomanda
Combustibil Diesel - 150 CP
Euro 6
Capacitate cilindrica 1986 cm3
An 2020/Model
Culoare Neagra metalizat
Virtual cockpit (Ceasuri de bord digitale)
Trapa panoramica
Cruise Control adaptiv (Pilot automat)
Lane assist (Asistent mentinere banda)
Side assist-asistent unghiul mort
Front assist -frânare de urgență în caz de pericol iminent
Conectare telefon prin Bluetooth + Android Auto si Apple CarPlay Park Pilot - Senzori parcare fata-spate cu afisaj
Senzori de ploaie si lumini
Volan multifunctional cu încălzire, imbracat in piele
Frana de parcare electrica
Controlul presiunii in pneuri
Cotiera centrala fata cu spatiu de depozitare Cotiera centrala spate cu suport pentru pahare
Torpedou refrigerat
Masute pentru locurile spate
Bare longitudinale
Auto Hold -asistent plecare din panta
ABS/ESP
Radio - AUX - BT - USB Computer bord
2 X Chei briceag
Start Stop
ESC (sistem pentru controlul stabilitatii)
Proiectie led 'HOLA' usi față(oglinzi)
Traffic Sign Recognition (recunoastere semne de circulatie)
Blocuri optice spate infinite light cu LED,
Lumini de semnalizare dinamice
Camera video pentru marsarier, cameră 360
Cartografie Europa cu MAPCARE
Climatronic 3 zone (sistem de climatizare cu reglaj automat al temperaturii, individual pentru sofer, pasager, și pasagerii din spate
Servo directie progresiva
Faruri xenon/Full LED Matrix Faza scurta&faza lunga cu tehnologie LED
Reglare dinamica a distantei de iluminare
Front Assist, cu functie de franare automata in caz de urgenta si avertizare prezenta pietoni si biciclisti
Full Link!!! MirrorLink. Android Auto. Apple CarPlay.
Geamuri atermice/geamuri fumurii spate si luneta Geamuri fata/spate actionate electric
Iluminare ambientala in portierele fata si spate Iluminare compartiment portbagaj+priză 12v
Jante aliaj originale Seat 19""
Lumini ambientale fata (zona picioare)
Lumini de semnalizare si Welcome Light integrate in carcasa oglinzilor exterioare
Oglinzi exterioare actionate electric, incalzite si pliabile electric cu Welcome Light și funcția de unghi mort.
Ornamente cromate exterior + interior Park Assist (sistem de parcare automata (parchează singură) senzori de parcare 360°)
Iluminare ambientala LED Lumini de zi si stopuri full LED Proiectoare de ceata cu LED - functie Cornering.
Senzor de lumina si ploaie
Sistem de prindere Isofix i-Size si Top Tether pentru ancorarea a 2 scaune de copii pe bancheta din spate, lateral. Și pentru scaun față pasager
Pachet de iarnă ( scaune față, banchetă spate și duze ștergătoar încălzite). Banchetă spate reglabilă individual spătar+șezut(față/spate)
Cârlig remorcare electric.
Sistem de navigatie cu touch screen color cu diagonala de 9.2"" (23.4 cm) Sistem Start&Stop cu recuperarea energiei la franare.
Numere roșii valabile 3 luni
Mai multe detalii la telefon!"
seat,Cordoba,600 €,1 900 cm³,136 CP,Diesel,Cabrio,N/A,Negru,2001,Manuala,"Seat Cordoba 1.9 tdi 136 cp
An 2003
Mașina este funcțională necesită unele investiți la aspectul exterior și ceva bucsaraie
4 geamuri electrice
Căldura funcțională , frig funcțional
600€ ușor negociabil
Nr telefon 07******32"
seat,Tarraco,16 890 €,1 968 cm³,150 CP,Diesel,SUV,238 000 km,Gri,2019,Automata,"Autoturismul se prezintă într-o stare foarte bună , recomand parcurgerea descrierii în totalitate pentru detalii complete
Data fabricației :  11  /  2019  ( conform cod VIN anul de fabricație în acte va fi  2020 )
Cutie de viteze automată DSG - 7 + 1 Trepte
Tracțiune integrală 4x4 - sistem 4Drive
Normă de poluare : Euro6 - filtrul de particule este activ , fără anulări sau alte modificări
Nu prezintă niciun element revopsit ( accept orice verificare în acest sens , inclusiv cu aparat pentru măsurare grosime strat vopsea ) , de asemenea numărul de kilometri nu a fost modificat - rulaj efectuat propenderent în regim extraurban , rog fără comparații cu modele similare ce au în realitate peste 300 - 400 000 km fără istoric sau au fost implicate în accidente și mai apoi reparate în vederea vânzării !
Recent înlocuită personal volanta cu factură doveditoare - cost intervenție de aproximativ 4000 lei
Model echivalent cu Volkswagen Tiguan Allspace , diferențele fiind doar de ordin estetic
Nivel echipare Xcellence - vârful de gamă disponibil pentru acest model , având următoarele dotări :
- FrontAssist ( frânare de urgență automată )
- Adaptive Cruise Control - ACC ( menținerea distanței și a vitezei față de mașina din față )
- LaneAssist ( asistență cu intervenție la menținerea benzii de rulare )
- Keyless Go & Entry
- Sistem alarmă
- Senzori ploaie
- Senzori lumini
- HighBeam Assist
- BlindSpot Assist ( asistență unghi mort )
- SignAssist
- Lumini de zi și faruri cu iluminare LED
- Proiectoare ceață LED
- Stopuri LED cu semnalizări dinamice
- Fază lungă adaptivă
- Instrumentar de bord complet digital
- Oglinzi heliomate cu reglaj , încălzire și pliere electrice
- Sistem climatizare cu reglaj individual pentru 3 zone
- Volan multifuncțional cu padele pentru schimbarea treptelor
- Iluminare ambientală interior ( inclusiv pe uși și praguri )
- Cotieră centrală + torpedo cu răcire
- Sistem multimedia cu touchscreen ( conexiuni AUX , microSD , Bluetooth audio și apeluri telefonice , Apple CarPlay și AndroidAuto )
- Port încărcare telefon Wireless
- Tapițerie cu inserții alcantara
- Plafon de culoare neagră + panoramic
- Sistem camere 360 grade
- Asistență la parcare și la ieșirea din locul de parcare
- Portbagaj cu acționare electrică ( se poate acționa și prin mișcarea piciorului sub bara spate )
- Multiple moduri de condus
- Senzori presiune anvelope
- Geamuri cu protecție UV din fabrică
- Bare longitudinale cromate
- Jante aliaj 19” echipate cu anvelope de sezon
Etc .
Toate documentele necesare înmatriculării sunt disponibile - import recent , a fost eliberat primul set de numere provizorii cu valabilitate 30 de zile
Sunt de acord cu orice verificare , de asemenea pot oferi suplimentar persoanelor interesate detalii , poze ( inclusiv din momentul achiziției ) , respectiv seria de șasiu
Prețul afișat este puțin negociabil doar după vizionare !"
seat,Alhambra,7 999 €,1 991 cm³,N/A,Diesel,Monovolum,233 784 km,Negru,2014,Automata,"Seat Alhambra 7 Locuri Automată cutia de viteze, An 2014, Stare Perfectă din toate punctele de vedere, Se accepta tester. Dotării, Climatronic în 3 zone. Senzori de parcare față-spate, Cameră marșarier, Cârlig remorcare, Comenzii Volan, și foarte multe alte opțiuni. Doar telefonic"
seat,Arona,12 490 €,1 000 cm³,95 CP,Benzina,SUV,72 000 km,Rosu,2019,Manuala,"Seat Arona 1.0 Tsi+GNC din fabrică
Mașină foarte întreținută (ca nouă)
Dotări-Tapițerie: Piele + Alcantara
Serie sasiu: VSSZZZKJZKR160486 Euro 6
Tractiune: Fata
• Faruri full led
• Sistem navigatie (Harti RO)
• Sistem multimedia cu touchscreen - Full LInk
• Bluetooth / Telefon
• Bord digital - Cockpit
• Apple CarPlay / AndroidAuto
• Front assist
• Scaune incalzite
• Camera spate
• Avertizor unghi mort
• Bluetooth / Aux IN
• Volan din piele / Comenzi
• Distronic - ACC
• Bord imbracat in piele
• Pilot automat adaptiv / Distronic - ACC
• Dublu climatronic
• Keyless GO / Entry
• Lumini ambientale
• LED Lampi spate + DayLight + Faruri
• Start / Stop
• Jante aliaj Seat 16
• ABS / ESP
• Faruri automate
• Suport pahare
• Proiectoare ceata
• Geamuri laterale spate fumurii
• Stergatoare parbriz automate
• Bancheta spate cu sistem Isofix
• Senzor de ploaie/lumina
• Oglinda retrovizoare interioara electrocromatica
• Oglinzi retrovizoare ajustabile electric / Pliabile electric.
Mașina are full istoric în reprezentanța.
Unic proprietar.
Pentru mai multe detalii va rog sunați-mă
Mașina și poate vedea la Sandra Trading VW.Iasi"
seat,Leon,5 980 €,1 968 cm³,170 CP,Diesel,Hatchback,280 000 km,Negru,2011,Automata,"Seat leon 2.0 tdi 170 cp
Model Fr
Scaune sport-Fr
Volan sport-Fr
Senzori ploaie
Senzori lumini
Senzori parcare
Jante aliaj 18-anvelope iarna
2 chei"
seat,Toledo,4 850 €,1 200 cm³,110 CP,Benzina,Berlina,163 000 km,Gri,2014,Manuala,"Detalii Autoturism
GARANTIE 12 DE LUNI
PENTRU ACHIZITIE CU PLATA INTEGRALA, PRIN VIRAMENT BANCAR, SE VA FACTURA LA CURSUL UNICREDIT DIN ZIUA PLATII
Servicii oferite la cerere:
*** Livrare autovehicul pe platforma in toata tara, GRATUIT***
*** Numere provizorii si asigurare RCA (30 de zile) GRATUIT***
*** Consiliere inmatriculare autovehicul***
Pret 4900
*** Motor benzina 1200 cmc
*** Transmisie Cutie manuala 6+1
*** Tractiune fata
* Aer conditionat automat
* Scaun sofer si pasager incalzite
* Sistem Start/stop
* Geamuri electrice fata / spate
* Conexiune USB
* Sistem start/stop
* Cotiera fata
* Senzori parcare spate
* Lumini de zi
* Comenzi pe volan
* Pilot automat
* Proiectoare de ceata
* Jante de aliaj
* Sistem recunoastere oboseala
* Computer de bord multifunctional
* Oglinzi reglabile electric si incalzite
* Display tactil
*** Disclaimer: La formularea anunțului de vânzare pot apărea erori de redactare. Descrierea acestui vehicul are caracter informativ. Pentru orice neclaritate vă rugăm să ne solicitați detalii. Vom fi bucuroși să venim în ajutorul dumneavoastră.***
Pret: Brut
Norma de poluare: Euro 5
Primul proprietar (de nou): Nu
Numere roși la cerere
Trasport gratuit
Mai multe detalii la TELEFON
Nu fac schimburi"
seat,Leon,7 400 €,N/A,180 CP,Benzina,Hatchback,N/A,Rosu,2013,Automata,"Vând: Seat leon FR  1.8 turbo 180cp automată an de fabricație 2013 , mașina se află într-o stare impecabilă.
Ca și dotări masina este aproape ful mai multe detalii la numărul de telefon"
seat,Leon,3 290 €,1 400 cm³,N/A,Benzina,Hatchback,N/A,Alb,2008,Manuala,Proprietar persoană fizică  Aer condiționat geamuri electrice oglinzi electrice abs radio cd închidere centralizată dublu airbag  navigație cameră spate tobe sport ITP  +  Asigurare valabile stare foarte bună etc
seat,Leon,4 999 €,1 598 cm³,105 CP,Diesel,Hatchback,180 000 km,Negru,2012,Manuala,"* Dealer Autorizat cu Posibilitatea Vanzarii in RATE *
* Rate la: TB Banca Transilvania ,TBI, MOGO *
* Se Ofera Garantie *
* NR Rosii de Luni -Vineri
* La Cererea se Poate face RAR sau Inmatricula *
*** Seat Leon  ***
- Fabricatie: 06.2012
- Motorizare: 1.6 dci 105 cp Euro 5
- VIN: VSSZZZ1PZBR060335
180.000 km Tuv valabil !!!
- Navigatie Mare Romania + Eu
- Android, YouTube, Maps, Waze
- LED Spate
- Klimatronic cu Reglare Automata Bi-Zonala
- Pilot Automat
- Senzori Ploaie
- Senzori Lumina
- Senzori Parcare
- Computer de Bord
- Volan Piele Multifunctional + Comenzi
- Bluetooth + USB + AUX - Vorbesti/Asculti Muzica dupa Telefon
- Oglinzi Electrice + Degivrante + Rabatabile
- Follow Me
- Coming Home
- E.S.P. + A.B.S.
- Directie Asistata Electric
- 4 Geamuri Electrice cu Impuls
- Proiectoare Ceata
- Sistem isofix pt Prindere Scaun Copil
- Bancheta Spate Rabatabila
- Pachet Nichel
- Lumini Ambientale
- Jante Aliaj
- Alarma
- Se accepta orice test !"
seat,Altea,4 550 €,1 968 cm³,170 CP,Diesel,Monovolum,305 000 km,Galben / Auriu,2007,Manuala,"Seat Altea Freetrack 4x4 2.0 TDI 170CP 2007 Euro 4
•••www.AutoRulateBacau.ro•••
•Posibilitate Rate ,Cash , Buy~Back și Test Drive.
•Înainte de Test Drive toate mașinile sunt dezinfectate !!!
Decât sa o visezi mai bine o conduci !!!
POSIBILITATE DE VÂNZARE IN RATE !!!
Acest autoturism se poate finanța pentru :
‍Persoane Fizice :
- Cu istoric negativ in biroul de credit si 20%avans-in functie de istoricul clientului
- Contracte de munca din AFARA TARII (din strainatate ) si 0 % avans
- Cu venituri din diurna
- Persoanele cu pensii din Romania vârstă maxima 70 de ani
-cu venituri din Prenatal
‍Persoane juridice :
• Firme PFA, întreprinderi individuale, SRL
•••Posibilitate de închidere anticipata si recalcularea creditului •••
Verificarile și detaliile pentru rate se pot face TELEFONIC,Whats”App SAU LA SEDIUL NOSTRU !
La :
07******00
07******00
Creditul se ACORDA la biroul nostru cu aprobare finala in decurs de 2 ore !!
Marca : Seat
Model : Altea Freetrack 2.0TDI
Motor : 2.0 Diesel 170cp Euro 4
Anul : 2007
D O T A RI :
Tractiune 4x4 Automat
Navigatie MARE cu Touchscreen
Tapiterie Piele (Partial)
Senzori Parcare Spate
Senzori de Lumini si Ploaie
Senzori Presiune Roti
Pilot Automat
Climatronic cu Doua Zone
Handsfree (Bluetooth)
Radio CD/MP3
Intrare Auxiliar
Computer Bord
Volan Piele
Comenzi Volan
Control Stabilitate (ESP)
Oglinzi Rabatabile Electric
Oglinzi Incalzite
Oglinzi Heliomate Reglabile Electric
Perdelute Geamuri Laterale Spate
Geamuri Spate IONIZATE
Geamuri Electrice Fata si Spate
Cotiera Fata si Spate
Proiectoare Ceata
Jante Aliaj
OFERIM NUMERE ROȘII (Provizorii) PE LOC!!!
Km 100 % Verificabili
Rulaj : 305.000km
-Masina se prezinta intr o stare foarte buna atat tehnic cat si optic
-Firma noastra detine autovehicule ce pot fi verificate in orice service autorizat!!!
-Se eliberează factura cu km trecuți pe ea!!!
BuyBack -PRELUAM MASINA DUMNEAVOASTRA CA AVANS PT ORICE MASINA DIN PARCUL NOSTRU
Descrierea autovehicului este strict informativa, pot exista greseli umane de tipar (optiuni, performanta a motorului, capacitate cilindrica, transmisie, kilometraj etc) NU suntem responsabili de informatia oferita.
* In caz de nelamuriri cu privire la optiunile prezentate / stare tehnica sau estetica puteti sa ne contacta telefonic."
seat,Exeo,3 800 €,2 000 cm³,143 CP,Diesel,Berlina,265 341 km,Negru,2012,Manuala,"Vând Seat Exeo 2012 – mașina care știe ce înseamnă loialitatea.
Diesel, sedan, elegantă, n-a întârziat niciodată la muncă (nici când am întârziat eu ).
Confortabilă, stabilă și cu un consum de bun-simț.
Preț negociabil, dar nu confunda “negociabil” cu “cadou” :D
Cine o prinde, câștigă o mașină serioasă, cu suflet de german și umor de spaniol.
Kilometraj real: 265.341 km
PRET 4500 euro-negociabil
Mențiune: martorul „check engine” e aprins din cauza filtrului de particule (DPF).
Mașina funcționează perfect, fără pierderi de putere — e o situație comună la dieselurile care merg mai mult prin oraș.
DOTĂRI
Exterior & Caroserie:
Jante de aliaj
Oglinzi exterioare electrice și încălzite
Oglinzi pliabile electric, în culoarea caroseriei
Proiectoare de ceață față și spate
Faruri automate Bi-Xenon cu spălătoare
Lumini de zi halogen
Senzor de ploaie și lumină
Sistem „Coming Home / Leaving Home”
Interior & Confort:
Aer condiționat / Dublu Climatronic
Volan reglabil pe înălțime și adâncime, îmbrăcat în piele
Comenzi audio pe volan
Scaune sport cu suport lombar
Cotieră centrală față și spate
Parasolare cu oglinzi iluminate
Bluetooth cu comenzi vocale
Interior textil
Geamuri electrice față/spate
Parbriz heliomat cu bandă de umbrire
Sistem audio
Siguranță & Asistență:
Airbag-uri frontale, laterale, cortină și pentru genunchi
ABS, ESP, EBA (asistență frânare de urgență)
ISOFIX pentru scaune copii
Senzori de parcare spate
Control presiune anvelope
Sisteme suplimentare:
Pilot automat Cruise Control
Închidere centralizată cu telecomandă
Oglindă interioară electro-cromatică (anti-orbire)
Motor & transmisie:
Motor 2.0 TDI – 143 CP
Cutie manuală, 6 trepte
Mașina se vinde curată, sinceră și pregătită pentru următorul proprietar.
Nu promite dragoste eternă, dar sigur te duce oriunde fără drame."
seat,Leon,4 199 €,N/A,170 CP,Diesel,Hatchback,N/A,N/A,N/A,Manuala,"Seat Leon FR – 2010 , masina achizitionata acum 3 ani de zile,prim proprietar in tara.
De vânzare Seat Leon FR 2010, în stare foarte bună atât tehnic, cât și estetic. (Mici urme de uzura conform varstei) Mașina este bine întreținută, folosită responsabil și beneficiază de revizii importante făcute recent.
Date generale:
Culoare: Albastru
Motorizare: 2.0 TDI 170 cp cod motor CEGA
Transmisie: Manuală
Întreținere & lucrări recente:
Ambreiaj nou
Distribuție schimbată
Schimb de ulei + filtre efectuat la zi
Dotări și opțiuni:
Faruri Bi-Xenon Adaptive
Încălzire în scaune
Climatizare automată pe 2 zone
Navigație originală cu touchscreen
Conectivitate USB & Bluetooth
Volan sport FR multifuncțional
Scaune sport FR din material textil
Pilot automat, computer de bord
Senzori de lumină și ploaie
Jante specifice pachetului FR
Mașina  este confortabilă, sportivă și economică, ideală pentru cine dorește un hatchback dinamic cu dotări si consum aproximativ 5%
Pentru mai multe detalii, poze sau informații  suplimentare  mă puteti contacta oricând la numarul de telefon: 07******83"
seat,Ibiza,3 400 €,1 898 cm³,90 CP,Diesel,Berlina,210 000 km,Albastru,2009,Manuala,"An fabricație: 2009
Motorizare: 1.9 TDI
Normă poluare: Euro 4
Transmisie: Manuală, 5 trepte
Proveniență: Olanda
Computer de bord
4 geamuri electrice
Închidere centralizată
Climatronic (încărcat, perfect funcțional)
MP3 player
Comenzi multimedia
Pilot automat
Intrare auxiliară audio
Proiectoare ceață
Oglinzi electrice
2 chei
Stare tehnică și optică foarte bună"
seat,Leon,8 750 €,1 598 cm³,115 CP,Diesel,Break,202 000 km,Negru,2019,Manuala,"Seat Leon
An fabricatie: 2019
Putere: 115 cp
Transmisie: manuala 5+1
Km: 203.000
Norma de poluare: Euro 6
- faruri / triple full led:
- ⁠jante aliaj cu anvelope de iarna noi;
- ⁠senzori de parcare;
- ⁠interior textil + isofix;
- ⁠2 chei;
- ⁠display mare + navigatie europa;
- ⁠climatronic;
- ⁠apple car play / Android auto / auxiliar;
- ⁠oglinzi electrice;
- ⁠cotiera;
- ⁠frana de parcare electrica +  autohold;
- ⁠torpedou frigorific;
- ⁠senzori presiune roti;
- ⁠distronic.
- ⁠etc."
seat,Leon,4 390 €,1 400 cm³,125 CP,Benzina,Hatchback,231 000 km,Negru,2010,Manuala,"SEAT LEON FR
*AN 2010
*MOTOR 1.4 benzina 125 cp
*CUTIE 6+1 TREPTE
*KM 2310.000 REALI carte service la zi
Recent adusă Nu sau scos nr rosii
Livrare la domiciliu clientului
Motor cutie direcție ambreiaj ok
Interior curat întreținut
Exterior fara lovituri sau zgarieturi rugină
Acte în regulă în vedere inmatricularii
Dotari:
-- BiXenon Adaptiv / Cornering
-- Navigatie Originala / Bluetooth / Cd / Aux / Usb
-- Pilot Automat Tempomat
Cruise control
-- Interior Sport FR
-- Scaune Incalzite
-- Volan Piele Perforata FR / Reglabil / Comenzi
-- Dublu Climatronic
-- Jante Cu Anvelope Foarte Bune
-- Senzori Presiune Roti
-- Torpedou Frigorific
-- Computer Bord Mare
-- Cotiera
-- 10 Airbag
-- 2 Chei
-- Oglinzi Rabatabile Electric
-- Geamuri Electrice Fata / Spate
-- Geamuri Colorate De Fabrica
Privacy Glass
Coming home living home
-- Oglinda Interioara Electrocromata
-ABS esp Eps asr etc
Masina trage foarte bine. Nu necesita nici o investitie
Nu fac schimburi NU insistati NU raspund la mesaje de genul ultimul pret Prețul este fff putin neg
Mai multe informatii la telefon"
seat,Leon,6 950 €,2 000 cm³,170 CP,Diesel,Hatchback,190 000 km,Alb,2010,Manuala,"SEAT LEON FR
*AN 2010
*MOTOR 2.0L 170 CP EURO 5
*CUTIE 6+1 TREPTE
*KM 190.000 REALI
Dotari:
-- BiXenon Adaptiv / Cornering
-- Navigatie Originala / Bluetooth / Cd / Aux / Usb
-- Pilot Automat Tempomat
-- Interior Sport FR
-- Scaune Incalzite
-- Volan Piele Perforata FR / Reglabil / Comenzi
-- Dublu Climatronic
-- Jante R18 FR Cu Anvelope Foarte Bune
-- Senzori Parcare Fata / Spate
-- Senzori Lumina / Ploaie
-- Senzori Presiune Roti
-- Torpedou Frigorific
-- Computer Bord Mare
-- Cotiera
-- 10 Airbag
-- 2 Chei
-- Oglinzi Rabatabile Electric
-- Geamuri Electrice Fata / Spate
-- Geamuri Colorate De Fabrica
-- Oglinda Interioara Electrocromata
-- Proiectoare Ceata
Etc.
Import Germania.
Nu s-au scos numere rosii.
Masina trage foarte bine."
seat,Altea,3 750 €,1 968 cm³,140 CP,Diesel,Hatchback,267 000 km,Gri,2006,Automata,"Vand Seat Altea automat !
Motor 2.0 tdi bkd fara dpf de fabrica
Fara erori
Cutia schimba perfect fara socuri sau trepidatii (s a schimbat uleiul )
Volanta schimbata
Nu are rugina sau zgirieturi
Are pachet FR cu jante 17 ""cu anvelope noi
Scaune sport cu tapiterie de panza in 2 culori ingrijita
Volan sport in piele perforata cu cusaturi rosii
Directie asistata
Volan reglabil cu comenzi
Navigatie mare color
Dubluclimatronic
Incalzire in scaune
Scaune reglabile pe toate directiile
Pilot automat
Lumini automate
Spalator faruri
Senzori parcare
Senzori presiune roti
Senzori ploaie
Geamuri fumurii
Oglinzi electrice incalzite heliomate
Gemauri electrice
Esp+Asr
Bord computer
Suport pahare fata si spate
Cotiere fata si spate
Suport ochelari
Accept orice test
Toate actele valabile"
seat,Altea,5 499 €,1 998 cm³,140 CP,Diesel,Hatchback,234 000 km,Argintiu,2012,Manuala,"An 2012. Euro 5
Motor 2 litri diesel 140 cp
Seara Alteia
Aer condiționat climatic
Abs Esp Airbaguri
Senzori presiune roti
Senzori ploaie și lumină
Senzori parcare spate
Auto Hold. Proiectoare
Jante cu cauciucuri iarna
Faruri electrice cu lumini de zi
Geamuri heliomate electrice fata și spate
Oglinzi electrice ,încălzite cu semnalizare
Volan reglabil cu comenzi
Cotiera fata spate
Navigație  telefon cu bluetuth
2 chei închide re centralizata
Cruisse control (tempomat )
Scaune reglabile recaro
Funcția Fallow Me
Cutie viteze 6+1 viteze
Banchete rabatabile și isofix
Triple spate leduri
Radio cd card multimedia
Cauciucuri Pirelli iarna
Lumini de zi
Consum 5% motorină
Cârlig remorcare
Arată și funcționează impecabil
Schimbat ulei filtre discuri și plăcute recent
O mașină cu garda la sol foarte ridicat
Se accepta  și variante"
seat,Ibiza,525 €,1 400 cm³,N/A,Benzina,Coupe,161 376 km,Albastru,1999,Manuala,"Masina este in stare de functionare, itp valabil. Doua usi."
seat,Leon,10 999 €,1 995 cm³,184 CP,Diesel,Hatchback,220 000 km,Gri,2016,Automata,"Seat Leon FR
Motorizare: 2.0 diesel (1995cm3) 184 cp - Euro6 -
An de fabricatie : 2016
Cutie automata DSG 6+1 trepte
Rulaj: 220.000 km cu carte service
Origine: Germania
Inmatriculata in Romania 2025
Masina merge absolut perfect. Motor, cutie, directie, frane, totul merge ca nou ! Nu are nici cea mai mica problema !
SE ACCEPTA ORICE TEST !
Masina a fost FOARTE FOARTE BINE INTRETINUTA ! Toate service-urile facute la timp.
Distributia + ulei si filtre schimbate recent.
Este varianta FR cu motorizarea de 184 cp de fabrica! Masina trage extraordinar de bine si are un consum foarte mic ! Excelenta atat pentru oras cat si pentru drumuri lungi.
Vine echipata cu urmatoarele
- Faruri FULL LED Matrix ! se vad excelent pe timp de noapte
- Sistem Navigatie  Seat cu touchscreen
- Volan sport FR cu comenzi si padele
- Handsfree telefon, Bluetooth, USB
- Incalzire in scaune
- Tempomat/Pilot automat cu franare de urgenta
- Aer conditionat automat pe 2 zone
- Oglinzi exterioare electrice, incalzite si electric rabatabile
- Senzori de parcare fata + spate
- Auto Hold
- Computer de bord
- Geamuri electrice fata si spate
- Senzori de lumini si ploaie
- Jante aluminiu 17"" cu anvelope de vara NOI !
- Jante aluminiu 16"" cu anvelope de iarna in stare buna
- Cotiera fata+spate
- Scaune spate pliabile
- 2x chei
- etc,
Toate actele la zi, nu sunt interesat de schimburi. Multumesc"
seat,Ibiza,3 990 €,1 400 cm³,86 CP,Benzina,Hatchback,165 000 km,Alb,2013,Manuala,"Seat Ibiza | Facelift (Motor Clasic MPI)
Anul fabricatiei: 2013
Motor : 1.4 MPi , Euro 5 , 86 CP
Cutie viteze : Manuala 5+1 Trepte
Se pot scoate numere rosii pentru 90 zile.
Toate actele se finalizeaza in momentul vanzarii.
Asiguram transport la domiciliul clientului.
Dotari :
Aer conditionat (Functional)
Inchidere centralizata
Geamuri electrice
2 chei
Navigatie Android (Camera Mansalier)
Anvelope noi
Jante aliaj
Geamuri spate tenta fumurie
Interior Bicolor
Auxiliar
Incalzire Parbriz & Luneta
Esp , abs , Servo direcție
Oglinzi electrice & incalzite
ComenI volan
Bluetooth
In Alexandria Teleorman
Pentru orice informatie apelati telefonic."
seat,Leon,6 700 €,1 600 cm³,150 CP,Diesel,Hatchback,N/A,Negru,2014,Manuala,"Vând SEAT Leon 2014, motor 1.6 TDI, modificată profesionist la 150 CP. Mașina arată și funcționează impecabil, întreținută cu atenție și dotată peste medie. Ideală pentru cine vrea o compactă economică, dar în același timp puternică și modernă.
Detalii tehnice:
•	Marcă / Model: SEAT Leon
•	An fabricație: 2014
•	Motorizare: 1.6 TDI
•	Putere: 150 CP
•	Cutie: Manuală
•	Normă de poluare: Euro 5
•	Tracțiune: Față
•	Categorie: M1
•	Culoare: Negru
Dotări și opțiuni:
•	Sistem Start/Stop
•	Stele ambientale în plafon (instalate profesional, foarte efect)
•	Încălzire în scaune
•	Hill Start Assist (asistență la plecarea din rampă)
•	Volan multifuncțional
•	Computer de bord
•	Aer condiționat
•	Geamuri electrice
•	Închidere centralizată
•	Sistem audio original
•	Interior îngrijit
•	Mașina nu are erori în bord
Stare generală:
•	Motor și cutie impecabile
•	Consum redus
•	Toate reviziile făcute regulat
•	Fără probleme tehnice
•	Acte în regulă"
seat,Ibiza,4 190 €,1 400 cm³,75 CP,Diesel,Break,197 450 km,Negru,2017,Manuala,"MASSINA este venita de curand masina a fozt cumparata de noua - senzori polaie -CLIMATIC-ECRAN CU TOUCH SCEEN -computer bord-AUTO HOLD- muzica cu mp3 si iesire aux -comenzi volan -tapiterie ISOFIX- pilot automat -ESP ASR -cauciucuri foarte bune inchidere centralizata -tapiterie isofix-senzori presiune roti-2 chei
MASINA ESTE EURO 6 B-motorizarea Ecomotive
CONSUM REDUS -3,7 la 100 de km
impozit si taxe mici
MASINA MERGE SI ARATA FOARTE BINE
MASINA NEFUMATORI
NU SAU SCOS NICI UN RAND DE NR ROSII
nu confundati cu cele de 1,2 tdi"
seat,Ibiza,3 590 €,1 600 cm³,105 CP,Diesel,Break,N/A,Negru,2011,Manuala,"Seat ibiza
Motor 1.6 diesel
An fab 2011 euro5
Climatronic
Jante aliaj
Comenzi volan
Pilot automat
Comp bord
Proiectoare ceață
Senzori presiune roti
Numere valabile
MI multe informații la telefon"
seat,Leon,23 490 €,1 984 cm³,300 CP,Benzina,Break,65 500 km,Albastru,2019,Automata,"Seat Leon ST Cupra 300 DSG 4drive
An fabricație: Iulie 2019
Prima înmatriculare: Decembrie 2019 (Germania)
Prima înmatriculare in Romania: Decembrie 2022
Normă de poluare: Euro 6d-TEMP cu GPF
Kilometraj: 65500km (în ușoară creștere, mașina este folosită)
Motorizare: 2.0 TSI EA888 Gen3 300CP/400 NM
Transmisie: Automată DSG DQ381, 7 trepte, ambreiaje umede
Tracțiune: Integrală 4Drive (Haldex generația a 5-a)
Culoare: Mystery Blue
Dotări:
- Pilot automat adaptiv (ACC)
- Full Link (Android Auto, Apple CarPlay & MirrorLink)
- Keyless Entry & Go
- Sistem audio Beats
- Scaune față încălzite
- Senzori de parcare față + spate
- Spălătoare faruri
- Proiectoare ceață față LED
- Oglinzi rabatabile electric
- Încărcare wireless Qi
- 2 porturi USB pentru locurile din spate
- Roată de rezervă de dimensiuni reduse
- Podea portbagaj falsă
Dotări standard notabile:
- Moduri de condus: Comfort, Sport, Cupra, Individual (cu amortizoare adaptive)
- Faruri și stopuri LED
- Navigație 8 inch cu touchscreen
- Digital Cockpit cu 4 moduri de vizualizare
- Iluminare ambientală și praguri iluminate CUPRA
Istoric și întreținere:
- Achiziționată personal din Germania în septembrie 2022 de la reprezentanța Seat/Cupra Feser-Biemann Erlangen, la 32.000 km, eu sunt primul proprietar din România. Mașina a avut un singur proprietar în Germania.
- Mașina are istoric complet în reprezentanță, atât în Germania, cât și în România
- Placutele fata/spate si discurile fata au fost schimbate in Iunie 2025 la 60600 km (acum 500 km la momentul în care postez anuntul, au costat 5880 lei la GTT)
- Ultima revizie efectuată in Martie 2025 la 58400 km (ulei, filtre si uleiul din Haldex)
- Uleiul la cutia de viteze schimbat in Octombrie 2023 la 40800 km
- Bujiile schimbate în Aprilie 2024 la 50700 km
- Baterie schimbată în Octombrie 2025
- ITP valabil pana la 06.11.2026
Alte detalii:
- Doua seturi de covorase (cele de vară sunt originale, iar cele de iarna tip tavita sunt de la Rimi)
- Tavita portbagaj
- Camera de bord Viofo a119 v3 alimentată din panoul de sigurante al masinii
- Masina nu are nici un fel de modificări la motor/estetice, fiind 100% stock
- Toate actele masinii se predau la vanzarea ei, incluzand toate facturile cu revizii si orice a fost achiziționat pentru ea. Se ofera fiscal.
- A fost alimentată doar de la MOL cu benzina de 100, am aproape toate bonurile cu combustibil de cand am masina.
- Mașina este inmatriculata persoana fizica.
- Vine însoțită de 2 chei, una din ele nu a fost folosita niciodata.
Anvelope și roți:
- Anvelope de vară pe jantele de fabrica ale masinii pe 19’’: Continental SportContact 7 – 235/35 R19, DOT 11/2024, montate în Aprilie 2024 la 50700km (cumpărate de la AutoSoft)
- Se oferă și un set de jante originale Seat pe 17” cu anvelope de iarnă Goodyear UltraGrip Performance Plus 225/45 R17 (în stare excelentă, cumpărate în iarna anului 2022 de la Altex)
Accept orice test!
Album cu poze de-a lungul timpului(micile daune pe care le vedeți în poze sunt remediate în reprezentanta): photos.app.goo.gl/Qug1zpd51NgS1Y3r6
Mașina este vanduta pentru a face un upgrade. Nu fac schimburi!
Masina se poate vedea in Galati sau Braila.
Pentru orice detalii nu ezitați sa mă contactați la telefon sau pe WhatsApp."
seat,Leon,10 500 €,1 968 cm³,185 CP,Diesel,Hatchback,190 000 km,Alb,2015,Automata,"-Prima inmatriculare 07.2015
-Motorizare 2.0 TDI 185 CP
-Cutie automata DSG 6 trepte
-Norma de poluare Euro 6
-193.000 km
-Istoric Service
In momentul de fata MASINA ARE NUMERE NEGRE ( TOTAL INMATRICULATA )
+ ROTI IARNA IN STARE FOARTE BUNA ( JANTA ALIAJ + CAUCIUC )
-Navigație MIB2
-Faruri LED
-Spălător faruri
-Lumini de zi LED
-Coming home / Leaving home
-Climatizare pe două zone
-Moduri de condus (ECO / NORMAL / SPORT / INDIVIDUAL)
-4 geamuri electrice
-Oglinzi electrice, încălzite, rabatabile și heliomate
-Semnalizări LED în oglinzi
-Computer de bord
-Radio CD/MEDIA IN/AUX/USB
-Bluetooth
-15 airbag-uri
-ABS, ESP, servo-direcție
-Controlul tracțiunii
-Senzori de parcare față/spate cu afișaj
-Senzori de lumină
-Senzori de ploaie
-Senzori de presiune în pneuri
-Volan reglabil îmbrăcat în piele
-Comenzi pe volan
-Interior FR
-Jante originale FR pe 18""
La cerere ofer gratiut raport CarVertical.
Autovehiculul se află într-o stare tehnică și estetică foarte bună și beneficiază de garanție 12 luni pentru motor și cutie de viteze, precum și de un schimb de ulei gratuit inclus în preț."
seat,Ibiza,2 900 €,1 198 cm³,75 CP,Diesel,Break,264 500 km,Gri,2011,Manuala,"Vând Seat ibiza break din 2011
Motor 1.2 diesel / 75 cai
Geamuri electrice fata/ spate
Clima, senzori de parcare
Ac funcțional
Cârlig remorcare
Asistenta plecare in rampă
Start -stop
Torpedou refrigerat
Oglinzi heliomate
Geamuri acționate din telecomanda
Km reali,unic proprietar in țară
Schimburi făcute la timp ,ținută din scurt
S-au schimbat la mașină arcuri +telescoape fata -spate (recent i-am pus chit perne de aer pentru supraînălțate)
Ambreiaj 2024
Distribuția 2025 ,are 9000 km
Plăcute pe față
Consum real extraurban 3.5-4 %
Urban 5.5-6 %
Ofer serie șasiu pentru verificare!!
Ca și defecte prezintă urme de exfoliere pe capota ,parbrizul are o fisura de la o pietricica!
2900 ușor negociabil
07******19"
seat,Leon,6 500 €,1 395 cm³,122 CP,Benzina,Hatchback,155 000 km,Gri,2013,Manuala,"Seat Leon 1.4 Tsi 122Cp Style 2013
Rate FIXE de la 780 Ron/Luna
Recent Import GERMANIA
Motor: 1.4 Benzina 122 Cp Euro 5
Cutie de Viteze Manuala 6+1
An Fabricatie: 02/2013
Km: 155000 cu Carte Service +Acte TUV La Zii
Motor Generatie Noua cu Curea de Distributie. Foarte Fiabil
Stare Foarte Buna, Foarte Ingrijita!!!
Test Drive "" Detinem NR de PROBE ""
NBI Auto este AUTORIZAT in Comertul cu Autoturisme
Ne Gasiti in Loc. Nusfalau Jud. Salaj
Ne Gasiti pe Google Maps si Waze. NBI Auto
Se Elibereaza FACTURA FISCALA + Toate Actele in Vederea Inmatricularii
Acceptam Verificare in Orice Service AUTORIZAT
La Cerere:
* Transport la Domiciliu
* Numere Provizorii
* RAR
GARANTIE 12 Luni
Dotari:
Dublu Climatronic
Scaune Incalzite
Jante Aliaj R16 cu Anvelope de Vara
+ Set Anvelope de Iarna R15
Volan Inbracat in Piele
Comenzi pe Volan
Sistem Multimedia  Touch Screen + Tel. + Card
Senzori Ploaie si Lumini
Senzori Parcare
Senzori Presiune Anvelope
Computer Bord
Pilot Automat
4x Geamuri Electrice
Inchidere Centralizata ""2 Chei""
Proiectoare de Ceata ""Cornering""
Oglinzi Electrice Incalzite
Abs, Esp, Airbaguri, Cotiera
Spalator Faruri
Isofix
Kit Pana ""Compresor + Spuma""
FINANTARE:
* ️0% Avans si fara garantii
* Obtii pana la 100% din valoarea vehiculului
* Se accepta si veniturile din salarii obtinute in strainatate
* Nu ai nevoie de asigurare CASCO
* Suma pre-aprobata ramane valabila 30 zile, ca sa iti poti primi vehiculul dorit
* Asigurare de viata inclusa
* Rata cu dobanda fixa, incepand de la 7,90% in functie de profilul si istoricul tau de creditare
* Poti sa alegi fluxul online, fara drumuri la banca"
seat,Leon,8 900 €,1 800 cm³,180 CP,Benzina,Hatchback,112 000 km,Negru,2013,Manuala,"Vând Seat Leon FR 1.8 TFSI, 180CP, an 2013, cutie manuală 6 trepte, 112.000 km reali, stare excelentă. Mașina are echipare bogată, FR (Formula Racing), întreținută și pregătită de drum.
Dotări principale:
•	Pachet FR – interior & exterior sportiv
•	Faruri Full LED + stopuri LED + lumini de zi LED
•	Scaune sport față încălzite, cu suport lombar
•	Volan sport multifuncțional piele + schimbător & frână mână piele
•	Climatronic 2 zone
•	Navigație integrată (Europa, SD card)
•	SEAT Sound System (10 difuzoare + subwoofer)
•	DAB Radio + sistem multimedia cu ecran color
•	Pachet Winter: scaune încălzite, oglinzi încălzite, duze spălătoare parbriz încălzite, spălătoare faruri
•	OPS – senzori parcare față + spate cu afișaj optic
•	Asistenți șofer: Start/Stop, Cruise Control, Lane Assist, High Beam Assist, senzor ploaie, senzor lumină, Coming Home/Leaving Home
•	XDS – diferențial electronic pentru tracțiune sporită
•	Airbag-uri frontale, laterale, cortină, genunchi șofer
•	Jante aliaj 17” originale
•	Interior sport FR cu cusături roșii"
seat,Ateca,14 999 €,1 991 cm³,190 CP,Diesel,SUV,198 000 km,Alb,2017,Automata,"Seat Ateca Model Xcellence
Inmatriculat 04.2025
La 183.000 km s-au efectuat urmatoarele schimburi: kit de distributie complet, ulei motor + toate filtrele, ulei diferential 4x4
La 195.000 km uleiul in cutia de viteze a fost inlocuit
Baterie noua cu garantie ( Oct 2025)
4drive - 4x4
An fabricatie: 09.2017
Euro 6 cu ad blue
Putere : 190 cp
Cutie de viteze automata DSG
Camere 360
Panoramic cu dubla deschidere
Interior piele maro, scaunele din fata sunt incalzite
Navigatie profesionala cu Android auto / Apple car play
Keyless go / keyless entry
6 moduri de condus: eco, normal, sport, individual, off road, snow
Front assist
Lumini ambientale diferite culori
Sistem sonorizare Seat sound
2 chei
Dublu climatronic
Sistem parcheaza singura
Portbagaj actionat electric, se deschide si inchide si cu piciorul
2 intrari USB, 2 intrati card SD, intrare Jack AUX
Volan multifunctional
Pilot automat
Computer de bord
Faruri Stopuri cu LED
Spalatori faruri
Oglinzi rabatabile electric
Etc..
Mai multe informatii la telefon.
Pretul este in euro"
seat,Leon,6 300 €,1 968 cm³,150 CP,Diesel,Hatchback,218 000 km,Alb,2013,Manuala,"Seat Leon FR 2.0tdi 150 cp euro 5 recent adus din Germania neînmatriculat,nerulat în România,nu sau scos numere roșii.
Masina se prezintă in stare foarte bună atât tehnic cât și estetic,cumpărată personal din Germania de la persoana particulară.
Jante originale 17 zoll,cauciucuri aproape noi
Clima două zone
Comenzi pe volan
Geamuri electrice
Oglinzi electrice si incalzite
Senzori lumini
Senzori ploaie
Încălzire în scaune
Bluetooth
Interior sport FR
Volan sport FR
….etc
Nu fac schimb"
seat,Exeo,3 990 €,1 990 cm³,140 CP,Diesel,Break,270 000 km,Negru,2011,Manuala,"Seat EXEO 2.0 TDi 140 CP
-cutie manuala
-motor 2.0 TDi 140 cp
-euro 5
-an 2011
Dotări:
-pilot automat
-încălzire scaune
-computer bord color maxidot
-senzori ploaie/lumina
-bloc lumini cu funcția auto
-4x geamuri electrice
-oglinzi electrice/ rabatabile/ încălzite
-dublu climatronic
-volan piele multifuncțional
-cotieră față/spate
-sistem isofix
-interior textil foarte îngrijit
-follow me home/leaving home
-senzori parcare
-jante aliaj r16 originale Seat
Distribuție făcută la 235000 km, import Germania, nu necesită nici o investiție de niciun fel! Fără scurgeri de ulei, fără bătăi la roți sau alte probleme."
seat,Mii,3 990 €,999 cm³,65 CP,Benzina,Coupe,89 000 km,Gri,2016,Manuala,"Seat MII
An 2015
Euro 6
Motor 1.0 benzina
Manuala
Masina arata si functioneaza ca noua.
Inscrisa recent de cateva luni.
Foarte foarte economa.
Ideala ptr oras/ naveta/ incepator sau livrari.
Pretu Afisat in Euro 3900€.
Detalii sunati la 07***********18"
seat,Tarraco,17 999 €,1 998 cm³,150 CP,Diesel,SUV,199 999 km,Alb,2022,Automata,"Contactează-mă pentru detalii !
Posibilitate plată flexibilă: cash, credit bancar sau rate avantajoase
Vezi și celelalte autoturisme disponibile în profilul meu – toate atent verificate și pregătite pentru livrare!
Autoturismul se pote vedea în județul Satu Mare
Seat Tarraco - FR 4
Paket FR Interior-Exterior—
Distribuție ,ulei ,Filtre Etc schimbate recent
— Masina se prezintă ca si Noua interior-exterior fara uzura!
- Motorizare de Top 2.0TDI  Euro6 AdBlue
-Transmisie Automata DSG 7+1 cu mod Sport si padele F1 Volan
— Accept test Reprezentanta
Ceasuri Digitale Virtual Cockpit cu 3 teme grafice
Încălzire volan
Comfort Access System
Keyless Go (Pornește fără cheie)
Keyless Entry (Închide-deschide mașina pe amprenta)
Soft Close Portbagaj
Faruri Full Led Matrix Adaptive Active High Beam!
Cele mai avansate faruri cu LED optimizează vizibilitatea fără a incomoda pe ceilalți prin adaptarea constantă a fascicolului de lumină!
Lămpi Spate Neon cu joc de lumini la inchidere, deschidere
Semnalizari fata spate progresive dinamice!
Asistenta la parcare Asistentul pentru Park Assist - functie prin care masina Parcheaza Singura! Ieșire și intrare in parcare!
Cameră Marșarier 3D View
Senzori de parcare fata, spate, laterali!
Asistent ambuteiaj
Braking guard - franeaza in cazul unei coliziuni frontale PRE Sense
Frânare Precoliziune Fata
Frânare Precoliziune Spate
ACC Distronic Plus+ (urmareste si mentine distanta constanta fata de masina din fata, accelerează și frânează singura)
Lane Assis (menține mașina pe banda și vibrează volanul)
Dynamic Road Sign Display
Comfort drive Travel Assist, sistem de menținere a benzii de rulare Lane Assist și Emergency Assist
Driving Assistant Plus
Pedestrian Alert
Sistem franare automata in caz de impact!
Adaptive Cruise Control
Road Sing Information
Sistem Profesional Sonorizare Beatsaudio 19 difuzoare hi-fi separate - si subwoofer portbagaj
Control avansat pentru faza lungă Dynamic Light Assist (schimba singura faza lunga-scurta)
Proiectoare ceata și lumina colț Full Led
Day Light
Cornering assist
Lampi spate neon cu aprindere dinamica
Auto Hold
Asistenta la pornirea in panta
Camera asistenta
Asistenta evitare coliziuni
Trafic alert
Drive Select moduri de condus Eco/Normal/Sport/Individual/Offroad/Snow
Interior FR scaune tip scoica
Tapiterie din mix Piele alcantara si material texturat- Evidentiat prin cusatura Rosie
Scaune Sport cu toate funcțiile electrice
Scaun Sofer Full Electric cu Memorie
Scaune fata Încălzite
Suport lombar cu 4 direcții, acționat electric cu perna aer stânga - drepata
Covorase interior Originale mocheta
Trimuri interior Steel Design
Elemente cromate pe comutatorul oglinzii și comutatoarele geamurilor electrice, trageri de ușă; mâner interior al ușii din crom mat
Lumini Ambientale interior in trimurile usilor, bord
Lumina Ambientala exterior in oglinzi
Ornamente praguri iluminate ambiental
Climatizare pe 4 zone cu funcție auto și senzor calitate aer!
Climatizare fata pe 2 zone cu afisaj digital pe Display ul central
Climatizare Spate pe 2 zone cu afisaj digital
Meniu Diplay control clima spate
Cotiere spate cu suport pahare integrat
Plafon interior textil Negru
Volan Sport teșit imbracat in Piele Fina Nappa combinat cu piele perforata Multifunctional cu reglaj adâncime și multiple comenzi
Padele F1 volan
Schimbător viteze imbracat in piele Nappa perforata si luminat
Navigatie Mare 3D Inclusiv RO (DVD,MP 3, Telefon, Bluetooth Audio, AUX, Internet, Google)
Buton Start Stop!
Start-Stop la semafor( consum redus de carburant)
Funcție hands-free (deschidere portbagaj cu picioru!)
Servotronic(direcție electrica) foarte ușoară!
Oglinzi Electrice Heliomate, cu antiorbire pliabile electric din cheie!
Mirror Kerb (oglinzile sunt active se coboara la efectuarea manevrei de mersi inapoi)
Jante Seat FR pe 20” Originale Grafit cu Daimond Cut Echipate cu anvelope Continental SportContact 6
Senzori Presiune Roti cu afisaj pe display
Carlig remorcare electric ascuns sub bara
Roată de rezervă Slim pentru economie de spațiu și greutate
2 Chei (mod ridicare geamuri, aprindere lumini, etc)"
seat,Alhambra,7 300 €,1 996 cm³,140 CP,Diesel,Monovolum,176 000 km,N/A,2013,Manuala,"De vânzare Seat Alhambra, Volkswagen Sharan, Ford Galaxy 2.0 TDi 140 CP an 2013 Euro 5 Automat, 176.000 km
Dotari:
•Interior cu încălzire și reglaj electric
• Dublu Climatronic
•Senzori Lumini
•Senzori Ploaie
•Senzori Parcare cu afișaj
• Bluetooth / Telefon
•Volan Piele cu comenzi - Pilot automat
• Auto HOLD
• ISOFIX
• Frana de parcare electrica
• Senzori parcare cu afisaj
• Banchete spate reglabile
• Pachet lumini ambientale, etc
Inmatriculat in Ro Recent, Unic Proprietar, Vopsea originală, Starea tehnica si cea estetica este ireprosabila. Accept orice test! Accept unele variante
Mai multe detalii telefonic."
seat,Ateca,17 999 €,1 998 cm³,150 CP,Diesel,SUV,140 000 km,Albastru,2021,Automata,"SEAT Ateca Xcellence 2.0TDI 150CP DSG
RAR efectuat
- Kilometraj: 147.000
- Motor: 2.0TDi, 150 CP, diesel
- Cutie: Automată DSG
- An fabricație: 2021
- Tracțiune: Față
- Proprietari: 1 singur proprietar
- Cartea service: Da, istoric complet
Dotări principale & Pachete premium
• Navigație mare + ecran touchscreen
• Cameră 360° + senzori față/spate
• Adaptive Cruise Control (ACC)
• Full LED – faruri + stopuri
• Lane Assist – menține banda de rulare
• Blind Spot Assist – avertizare unghi mort
• Asistență la ieșire din parcare
• Auto Hold & frână de parcare electrică
• Climatronic pe 2 zone
• Încălzire în scaune față
• Scaune sport din piele
• Lumini ambientale LED interioare
• Selectare moduri de condus: Sport / Normal / Eco / Individual
• Jante originale SEAT pe 19”
• Sistem audio premium
• Keyless entry & Go
* Start/Stop button
• Oglinzi încălzite, rabatabile electric
• Pachet crom exterior
• Volan sport multifuncțional îmbrăcat în piele
Stare tehnică & estetică
* Mașina este în stare excelentă, fără erori, fără probleme ascunse
* Revizii făcute la timp, istoric complet service
* Motor, cutie și suspensie impecabile
* Interior curat, îngrijit, fără urme de uzură
* Exterior fără zgârieturi majore, arată ca nouă
Mașina este pe firma, se oferă factura cu km garantați juridic
Se accepta plata Cash sau cont bancar"
seat,Leon,6 300 €,2 000 cm³,185 CP,Diesel,Hatchback,254 432 km,Alb,2012,Manuala,"Seat LEON 2012 luna 11 FR fabrica/pachet AERO/
2.0 TDi 16V/ 185 CP/ Manual/ Euro 5
PREȚUL ESTE NEGOCIABIL
Motorizare : 2.0 TDi ( 185 cai )
Stage 1
Dpf off fizic
Egr off tester
Cod motor: CFHC
An de fabricație : 2012
Norma de poluare EURO 5
Înmatriculat România
Gama de dotări a mașinii se remarcă prin următoarele :
Leon FR pachet AERO
Volan/ scaune teșite cu inscripția FR
Interior Sport fără rupturi
Volan Sport Multifuncțional
Computer de bord
Dublu Climatronic
Oglinzi încălzite/ retractabile electric
x4 Geamuri Electrice
Comenzi volan
Pilot automat
Senzori Lumini
Senzori Ploaie
Senzori presiune roți
Proiectoare ceață( cornnering)
Full led
Jante aliaj R18 originale seat SPORT BBS
254342 km in crestere
Mașina arată exact ca și în poze și merge foarte bine !
Acte valabile la zii, ofer fiscal pe loc în momentul vânzării .
Prețul este în euro : 6300€ negociabil .
Pentru mai multe detalii mă puteți contacta atât pe whatsapp, telefonic cât și pe olx"
seat,Ibiza,2 500 €,1 398 cm³,86 CP,Benzina,Berlina,229 000 km,Negru,2010,Manuala,"Import Germania recent,
Nerulata in Romania,
Posibilitate rate,
Posibilitate transport,
Consultanta inmatriculare,
Carte service,
5 usi,
Cutie manuala 5+1,
Tractiune fata,
Pilot automat,
Volan piele + comenzi media,
Clima automata,
Mp3 radio CD aux media,
Senzor presiune roti,
Geamuri electrice,
Oglinzi electrice + incalzite,
Airbags, ESP, ABS,
Computer bord,
Grila fagure bara fata + grila originala,
Jante Dotz impecabile 17”,
Distantiere H&R fata + spate,
Lip bara fata,
Discuri perforate + ventilate fata,
Proiectoare ceata,
Toba finala sport.
Pret absolut fix.
www.vasilucianauto.ro"
seat,Leon,4 550 €,1 390 cm³,125 CP,Benzina,Hatchback,243 251 km,Negru,2011,Manuala,"Dublu climatronic
Navi color cu touch-screen
Închidere centralizata din cheie
Geamuri electrice fata și spate
Oglinzi reglabile electric, încălzite și pliabile
Oglinda interioară antiorbire
Senzori pentru parcare spate
Senzori pentru ploaie și lumini
Follow me home Leaving me home
10 airbag-uri
Scaune fata reglabile pe înălțime și lombar
Bancheta rabatabila fracționat
Comenzi pe volan
Torpedou cu răcire
Faruri reglabile electric și prevazute cu spălătoare
Jante din aliaj ușor
Radio cd cu mp3 și intrare USB si Auxiliar
Conexiune telefon prin Bluetooth
Computer de bord maxi dot
Pilot automat
Volan reglabil pe înălțime, adâncime și îmbrăcat în piele perforata
Servodirectie
Abs,Esp, Srs, Isofix
Proiectoare pentru ceață
Mașina arată și funcționează foarte bine, a fost adusa din Germania și înmatriculat a in România recent, unic proprietar atât în Germania cât și în România, schimbat ulei, filtre și baterie noua, toate taxele plătite la zi, se oferă fiscal,mai multe detalii la telefon."
seat,Toledo,4 450 €,1 200 cm³,90 CP,Benzina,Berlina,163 000 km,Argintiu,2014,Manuala,"Seat Toledo an 2014
Motor 1.2 Tsi, 90 CP, Euro 5
Adusa din Germania, unic proprietar in tara
ITP valabil – 12 feb.2026
Stare buna de functionare, revizii la zi.
Inchidere centralizata cu 2 chei
Radio CD, comenzi pe volan
Computer bord, pilot automat
Incalzire in scaune, suport ochelari
Geamuri electrice si oglinzi electrice
Senzori de parcare spate
Proiectoare de ceata
Volan reglabil, Scut metalic
Echipat cu cauciucuri de iarna
Roata de rezerva
Pret – 4.450 euro
Nu dorim schimb sau alte variante auto."
seat,Alhambra,2 599 €,1 996 cm³,140 CP,Diesel,Monovolum,320 000 km,Argintiu,2007,Manuala,"Vand Sebat Alhambra 2.0 BRT un singur ax
* An de fabricatie 2007
* Motor 2.0 Tdi (1996 cm³ Diesel ) 140 p
* Cutie manuala 6+1 trepte
* 7 locuri in acte
/// Dotari :
- Inchidere centralizata
- Climatronic dublu
- incalzire in scaune
- Computer bord
- Senzori parcare spate
- Radio Cd player
- Geamuri electrice
- Oglinzi electrice incalzite
- Tapiterie stofa
-Carlig remorcare
- Jante aliaj
- ABS, ESP, SRS / Airbaguri
- immatriculat
- Stare tehnica si optica buna
- Functioneaza foarte bine fara probleme
- Mai multe detalii la telefon"
seat,Ateca,14 800 €,1 499 cm³,150 CP,Benzina,SUV,169 200 km,Negru,2020,Manuala,"Seat Ateca Model 2021
Prima inmatriculare 09/2020
Km 168000
1.5 TSI 150cp OPF
Cutie manuala 6+1
Autoturism INMATRICULAT- proprietar in acte( masina ruleaza zilnic, odometru in crestere)
Fara daune in istoric! Vopsea originala!
Echipare:
- faruri full led adaptive
- stopuri led
- sistem media cu navigatie si carplay/android auto ( fara cablu)
- senzori parcare
- camera mers inapoi
- frontassist ( franare de urgenta)
- signassist ( detectate semne circulatie)
- laneassist ( mentine banda)
- A C C ( pilot automat adaptiv)
- hightbeem assist ( asistenta faza lunga)
- climatronic
- portbagaj actionat electric
- jante 17”
- volan multifunctional cu comnezi
- oglinzi pliabil electric
- autohold
- lumini ambientale
- gamuri privacy
- rezerva slim
- isofix
- cotiera
Masina se afla la 10 km de Targoviste!"
seat,Leon,3 950 €,1 400 cm³,122 CP,Benzina,Hatchback,161 000 km,N/A,2011,Manuala,"Seat Leon • Copa • Facelift
Anul fabricatiei : 2011 , Euro 5
Motor : 1.4 TSi , 122 CP
Cutie viteze : 6+1 Trepte
• Se pot scoate numere rosii pentru 3 luni!
• Toate actele se finalizeaza in momentul vanzarii.
• Asiguram transport la domiciliu cu platforma
Dotari :
Geamuri electrice x4
Incalzire scaune
Webasto
Clima 2 zone
Jante aliaj 16 + Anvelope M+S
Pilot Automat
Computer bord
Senzori parcare
Proiectoare ceata
Interior Bicolor
Oglinzi electrice , incalzite ,rabatabile
Faruri automate
Radio CD Original
USB Stick
Auxiliar
Senzori presiune roti
ESP , Abs si Servo directie
2 chei
Inchidere centralizata
+ altele
in Alexandria Teleorman
Pentru informații suplimentare apelati telefonic."
seat,Leon,7 500 €,1 600 cm³,110 CP,Diesel,Hatchback,113 980 km,N/A,2014,N/A,"•Seat Lean MATRIX•
•Km Reali
• 113980 km
•Dotări :
•An:2014
•Faruri Bi-xenon
•Faruri cu LED
•Stopuri cu LED
•Încălzire Canapele Față
•DRL
•SENZORI PARCARE FAȚA ( cu afișaj )
•SENZORI PARCARE SPATE ( cu afișaj )
•Senzori lumini
•Senzori ploaie
•Închidere centralizată
•Oglinzi încălzite electric
•Mirror down
• 4 geamuri electrice
•Comenzi volan
•Bluetooth
•ESP
•ABS
•Start Stop
•Computer bord
•Dublu climatronic
•Cotieră față
•Navigație
•Volan piele
•Interior FR
•Sunet Seat Sound
•Jante Seat R17
•Anvelope iarna … Preț  7500 euro neg , nr telefon 07******09"
seat,Leon,8 000 €,1 600 cm³,105 CP,Diesel,Break,266 400 km,Gri,2025,Automata,"De vânzare Seat Leon 1,6 TDI an 2015, cutie automata, 266400 km, dublu climatronic, faruri led Matrix, leduri față și spate, oglinzi electrice și încălzite, geamuri electrice față și spate, folii omologate RAR funcționează foarte bine."
seat,Ibiza,4 200 €,1 598 cm³,90 CP,Diesel,Hatchback,266 025 km,Verde,2012,Manuala,"Vând Seat Ibiza V
Motor 1.6 TDi
An de fabricație 2012
Cp 90
Km 266025
Euro 5
Computer de bord
Pilot automat
Comenzi volan
Climatronic
Cd player original
Aux/ usb
Cornering light
Geamuri fata electrice
Oglinzi reglabil electric
Inchidere centralizata
2 chei
Jante de aluminiu
Masina se afla in perfecta stare de funcționare. Adusa din Austria.
Pret: 4200€ neg
Mai multe detalii la telefon"
seat,Toledo,6 300 €,999 cm³,95 CP,Benzina,Berlina,164 000 km,Alb,2017,Manuala,"Vând Seat Toledo an de fabricație 2017, al doilea proprietar, mașina nu a fost implicată în niciun accident, funcționează perfect, toate reviziile au fost făcute la timp.
Geamuri electrice fata
Oglinzi exterioare actionate electric si incalzite
Sistem Isofix
Volan multifunctional (comenzi pe volan)
Bluetooth (sistem pt conectare telefon mobil, streaming audio)
Cotiera centrala fata
Cotiera centrala bancheta spate
Consum mediu 5-6l/100 KM
Masina prezinta urme minore de uzura (zgarieturi)."
seat,Ibiza,1 000 €,1 349 cm³,75 CP,Benzina,Hatchback,210 000 km,Albastru,2004,Manuala,"Ibiza 2004 1.4 benzina
210xxx km
Distribuție lant
Consum mic"
seat,Leon,7 750 €,1 600 cm³,110 CP,N/A,Break,275 678 km,Alb,2015,Manuala,"PRET : 7.750 €
SEAT LEON PACHET XP
Fabricatie : 2015
Motor : 1.6 Diesel - 110 CP
Norma de poluare : EURO 6
Km : 275678 ( reali )
2 Chei
Masina se prezinta excelent din punct de vedere tehnic si vizual !
~~ Dotari ~~
- Faruri Led Matrix , faza scurta si lunga pe led
- Navigatie harta RO / Carplay / Bluetooth
- Distronic Plus ( franare asistata in caz de impact)
- Interior din Piele cu Alcantara
- Senzori de parcare fata+spate cu afișaj pe Navi
- Suspensie Xcellence ( garda la sol este mai ridicata )
- Incalzire scaune
- Dublu Climatronic
- Bord Computer cu multiple functii
- Volan din piele cu comenzi
- Pilot Automat
- Oglinzi retractabile electric + incalzite
- Start-Stop
- Auto-Hold ( asistenta la plecare din rampa )
- Jante Aliaj Borbet
- Proiectoare ceata
- Cornering light
- Leaving Home
- Coming Home
- Senzor de lumina
- Senzor de ploaie
- 4x Geamuri electrice"
seat,Altea,3 750 €,1 386 cm³,122 CP,Benzina,Hatchback,168 000 km,Alb,2012,Manuala,"Seat Altea  Copa Ecomotive
COPA ECOMOTIVE – PRACTICĂ, SPAȚIOASĂ ȘI IDEALĂ PENTRU FAMILIE
Seat Altea  Copa Ecomotive este o mașină practică și eficientă, ideală pentru familie și activitățile zilnice. Motorul pe benzină turbo oferă 122CP și un consum redus, fiind o alegere echilibrată între performanță și economie. Cutia manuală cu 6+1 trepte asigură o experiență de condus plăcută și adaptabilă atât în oraș, cât și pe distanțe lungi. Caroseria de tip Van oferă un spațiu interior generos, perfect pentru pasageri și bagaje. Cu un design funcțional și echipamente bine gândite pentru confort, acest model se potrivește perfect celor care caută versatilitate.
Stare forte,forte bună
MODEL: Seat Altea benzină Copa Ecomotive
MOTORIZARE: 122CP, Benzină
AN 2012
Ofer serie de șasiu
Unic proprietar germania
Km 168000 real
Dotări:
Pilot automat
Carlig remorcare
Climatronic
Cotiera față spate
Oglinzi electrice si incalzite
Geamuri electrice
Interior textil
Jante aliaj
Mp3 usb....
Senzori parcare spate
Senzori presiune pneuri etc.
Nr rosi valabile  60 de zile"
seat,Ibiza,2 999 €,1 422 cm³,80 CP,Diesel,Hatchback,195 000 km,Rosu,2011,Manuala,"SEAT IBIZA
Motorizare fiabila - 1.4 diesel 80 cp
Consum f mic motorina
Taxe mici
SERVICE LA ZI
An 2010
Auto inmatriculat recent cu toate actele la zi !Sunt proprietar in acte .Ofer Fiscal pe loc.Autoturismul este in stare buna tehnic si estetic.Nu are nicaieri rugina.NU este revopsit !Are consumabile schimbate(discuri si placute fata+spate,distributie,ulei si filtre)Nu bate nu troncane nimic.Se poate testa/proba/verifica .Nu are erori pe bord.Motor/cutie functioneaza perfect
Geamuri electrice
Bancheta spate cu prindere pt scaun copii(ISOFIX)
Comenzi volan
Faruri automate
2 seturi roti
Coming Home/ Leaving Home ( blocarea si deblocarea vehiculului farurile ramane aprinse timp de 10-30 sec )optional
Senzori ploaie
Senzori lumini
Pentru alte detalii rog sunati.
Pret: Brut
Culoare: Rosu
Anunt adaugat de pe Autovit.ro"
seat,Toledo,1 000 €,2 000 cm³,N/A,Diesel,Monovolum,271 000 km,Albastru,2005,Manuala,"Seat Toledo cu urmatoarele dotari:
- Clima automata pe doua zone (clima functionala)
- ABS
- ESP
- Airbaguri fata stg /dr si laterale spate
- Geamuri electrice fata spate
- Oglinzi cu reglaj electric si rabatabile
- Bluetooth si Android carplay after market.
- Bancheta spate rabarabila si cu reglaj la spatar
- 271.000km
- carlig de remorcare
- senzori de parcare spate
- proiectoare ceata
- fara erori in bord, nu bate nu troncane.
Nu este pentru pretentiosi dar merge foarte bine si are consum redus. 2 Seturi de jante aliaj echipate vara si iarna. Motor BKD.
Pret FIX!"
seat,Leon,9 300 €,1 968 cm³,184 CP,Diesel,Break,259 km,Maro / Bej,2015,Automata,"Proprietar de Seat LEON model FR , motorizare 2.0 TDI 184cp ,EURO 6( FARA ADBLUE)
Serie sasiu: VSSZZZ5FZFR043714
An2015.
Sunet sport din fabrica pe modul SPORT! (SEAT SOUND SISTEM)
Optiuni
cutie automata DSG suspensie adaptiva
moduri de condus Sport/ CONFORT/ECO/ INDIVIDUAL,
Distronic, ParkAssist ,Line Assist, faruri Led Matrix automate, follow me home.
navigatie cu touch,
dublu-clima,
interior scaune FR Alcantara+Piele, incalzite.
LUMINI Ambientale
oglinzi rabatabile din cheie
Jante originale FR R18
2 chei!
Carte SERVICE Revizii la zi.
Discuri Frana ventilate.
REvizie Generala= Ulei cutie, ulei motor, distributie schimbată,
baterie VARTA AGM l
anvelope Dunlop Allseason ca noi ,  peste 2000euro investiti!!!
Ultima revizie  recent facuta pe 08.04.2025 !
Adusa in martie 2022 din GERMANIA!
pret  9300 Euro f putin negociabil , pret deja redus!!!
Detalii numai la telefon.
Nu doresc schimb."
seat,Cordoba,2 000 €,1 422 cm³,N/A,Diesel,Berlina,291 000 km,N/A,2006,Manuala,"Vând Seat Cordoba 1.4 TDI an de fabricație 2006. Mașina este într-o stare excelentă fără rugină, caroserie galvanizată. Mașina se vinde din cauză că nu mai este folosită. Usor negociabil."
seat,Alhambra,2 000 €,1 896 cm³,85 CP,Diesel,Minibus,300 000 km,Verde,2001,Manuala,"De vânzare SEAT ALHAMBRA 1,9 TDI IN STARE BUNA de funcționare toate actele și taxele la zi.Mai multe detalii la telefon."
seat,Toledo,4 880 €,1 600 cm³,N/A,Diesel,Berlina,201 000 km,Gri,2014,Manuala,"Seat Toledo  sedan ,motorizare 1.6 diesel an fabricatie -  10. 2013 provenienta Belgia ( doi proprietari )  , AC (perfect functional) , comenzi volan, oglinzi electrice, geamuri electrice, jante aliaj cu anvelope într-o stare foarte buna, #Discuri si placute fata/spate noi noute, doua chei .
#Masina se prezinta într-o  stare excelenta fara rugina fara scurauri de ulei.
Km 201000 ultimul Car Pass sa facut in luna iulie (detin Car Pasul)
Contact : 07_42_62_63_47"
seat,Leon,2 700 €,1 595 cm³,105 CP,Benzina,Hatchback,212 000 km,Negru,2006,Manuala,"Seat Leon 1.6 Benzină – 2006 – Îngrijit, funcțional, preț avantajos
Vând Seat Leon 2006 1.6 benzină, manual. 212 mii km.
Masina personala de mai bine de 3 ani, a fost îngrijită, am facturi pentru tot ce s-a facut la ea de-a lungul timpului, este pregatita de drum, schimbate consumabilele cu nici o mie de km in urma.
Mecanic este tipla, dar necesita putina atentie pe partea estetica, conform varstei.
Se vinde pentru ca nu mai este condusa atat de des fiind o masina secundara in familie si avand deja una de care ne folosim.
S-a scos la ea raportul Rar auto pass, se poate oferi la cerere.
Pretul este usor negociabil la fata locului.
Serie de sasiu: vsszzz1pz7r002343
Nr telefon: 07******40"
seat,Ibiza,3 990 €,1 400 cm³,85 CP,Benzina,Hatchback,N/A,Negru,2013,Manuala,"- Seat Ibiza-
Preț: 3.990 euro
-Euro 5-
Programează un TEST DRIVE și vino să te convingi că avem mașina potrivită cerințelor tale.
-Show number
-R*A*T*E FIXE
-ASISTENȚĂ ÎNMATRICULARE
-LIVRARE LA DOMICILIU GRATUIT IN LIMITA A 150km
Autoturismele pot fi achiziționate și în r*a*t*e, cu sau fără avans, prin intermediul partenerilor noștri.
Motorizare: 1.4MPI
Putere motor: 63kw/85 cp
An fabricație: 2013/luna04
Rulaj: 222.000km
Specificații:
-Climatronic
-Proiectoare de ceata
-Oglinzi electrice
-Geamuri electrice
-Volan imbracat in piele
-Senzor de presiune în roti
* Import Germania
** Nu se acceptă schimburi cu alte autoturisme"
seat,Altea XL,5 450 €,1 968 cm³,170 CP,Diesel,Monovolum,132 150 km,Gri,2009,Manuala,"Proprietar vand Seat Altea XL Freetrack 4x4, motor 2.0tdi-170cp 6 trepte cumpărat din reprezentanta cu istoric service de nouă până în prezent, ținută în garaj, kilometraj absolut real, fara incidente, dotări din fabrică: climatronic, scaune încălzite față, faruri xenon adaptive, geamuri și oglinzi electrice, dvd player, interior sport, pilot automat..etc, dispune de 2 seturi de jante vară-iarnă, nu doresc schimburi..alte detalii la telefon."
seat,Altea,2 450 €,2 000 cm³,140 CP,Diesel,Hatchback,247 000 km,Albastru,2006,Automata,Vând Seat altea 2006 automat cu multiple dotari
seat,Ibiza,2 950 €,1 200 cm³,80 CP,Benzina,Hatchback,137 000 km,Alb,2012,Manuala,"// Seat Ibiza
// An de Fabricație 2012-   Euro 5
// Culoare Albă
// CUTIE De Viteze Manuală 5+1 Trepte
// MOTOR - 1.2 Benzină   105  CP  Cel Mai Performant Motor
// km ATENȚIE  137.000 Carte Serice Accept Orice Test   Reviziei Recent ulei filtre
// Seria Șasiu
PROPRIETAR Ofer fiscal la zi
Impecabila Și interior cat Și exterior
\\
// ! Se poate elibera Certificat fiscal pe locj Impozit Achitat
Opțiunii:
// Climatronic
// Interiorul  Impecabilă
// Senzori Lumini Ploaie
// Servo direcție
//   4 Air-Baguri
// GEAMURI ELECTRICE
// Olginzi electrice
// ABS
// Închidere centralizată
- Impecabilă Tehnic Optic Mecanic
Mai multe detalii despre masina la telefon sau poze pe watt upp !!"
seat,Leon,4 999 €,1 390 cm³,125 CP,Benzina,Hatchback,170 000 km,Gri,2013,Manuala,"Seat Leon 1.4 Tsi 125Cp FR Model 2013
Rate Fixe de la 615 Ron/Luna
Recent Import GERMANIA
Motor: 1.4 Benzina 125 Cp Euro 5
Cutie de Viteze Manuala 6+1
An Fabricatie: 06/2012 Model 2013D
Km: 170000 cu Acte TUV la ZII
Motor cu Distributia pe Lant. Foarte Fiabil
Stare Foarte Buna, Foarte Ingrijita !!
Test Drive "" Detinem NR de PROBE ""
NBI Auto este AUTORIZAT in Comertul cu Autoturisme
Ne Gasiti in Loc. Nusfalau Jud. Salaj
Ne Gasiti pe Google Maps si Waze. NBI Auto
Se Elibereaza FACTURA FISCALA + Toate Actele in Vederea Inmatricularii
Acceptam Verificare in Orice Service AUTORIZAT
La Cerere:
* Transport La Domiciliu
* Numere Provizorii
* RAR
GARANTIE 12 Luni
Dotari: Dublu Climatronic
Scaune Incalzite
Faruri Xenon + Stopuri cu Led
Jante Aliaj R18 Model Fr. cu Anvelope de Vara
Volan FR Inbracat in Piele
Comenzi pe Volan
Radio/CD, USB, Aux,Mp3
Senzori Parcare
Senzori Ploaie si Lumini
Computer Bord
Pilot Automat
4x Geamuri Electrice
Inchidere Centralizata ""2 Chei""
Proiectoare de Ceata ""Cornering""
Oglinzi Electrice Incalzite Pliabile
Abs, Esp, Airbaguri,Isofix
Kit Pana ""Rezerva SLIM""
FINANTARE:
* ️0% Avans si fara garantii
* Obtii pana la 100% din valoarea vehiculului
* Se accepta si veniturile din salarii obtinute in strainatate
* Nu ai nevoie de asigurare CASCO
* Suma pre-aprobata ramane valabila 30 zile, ca sa iti poti primi vehiculul dorit
* Asigurare de viata inclusa
* Rata cu dobanda fixa, incepand de la 7,90% in functie de profilul si istoricul tau de creditare
* Poti sa alegi fluxul online, fara drumuri la banca"
seat,Exeo,4 250 €,1 968 cm³,143 CP,Diesel,Break,227 000 km,Alb,2011,Manuala,"Seat exeo 2.0 tdi 143cai 6 trepte euro5
POSIBILITATE RATE AUTOCLAB BRAILA LA 4690 EURO !!
*An fabricatie  2011
*Geamuri electrice fata spate
*Dublu climatronic
*Incalzire in scaune fata
*Navigatie mare
*Linie audio bose +tun bass
*Jante magneziu 18
*Volan piele cu comenzi
*Bixenon fabrica
*Senzori parcare fata spate
*Stopuri spate led
*Geamuri fumurii privacy glass
*Proiectoare ceata
*Interior sport
*Trapa solara 2 pozitii
*Cotiera fata spate
*2 chei (una briceag )
Cumparata privat motor cel mai fiabil 2.0 tdi 143 cai, caga,cutie volanta stare perfecta !! Fara nicio dauna detin raport carvetical !!
La cerere contracost nr rosii pe.lok val oras si judet Braila sau la.cerere contracost limita a 300 km pe sens transport pe.platforma in toata tara contracost motorina !!"
seat,Leon,5 400 €,1 600 cm³,105 CP,Diesel,Break,201 000 km,Negru,2014,Manuala,"Fabricație 2014
Euro 5
Navigație color/ Europa
Încălzire scaune
Dubluclimatronic
Linie audio cu comenzi la volan;Bluetooth;usb
Computer bord
Pilot automat (tempomat)
Senzori de ploaie și lumină
Senzori de parcare față-spate
Tapițerie foarte bine întreținută
Jante aluminiu originale Seat
Proiectoare de ceață
Geamuri electrice
2 chei/Închidere centralizata
Motor 1.6 TDI  105 C.P
Chit de distribuție schimbat recent!
Autoturismul este într-o stare tehnică și optică foarte bună!
La cerere putem perfecta actele pentru numere provizorii s-au înmatriculare definitivă
Oferim transport la domiciliu clientului  !
Prețul este negociabil în limita bunului simț!"
seat,Ateca,16 799 €,1 968 cm³,190 CP,Diesel,SUV,198 500 km,Alb,2018,Automata,"PF vand Seat Ateca FR, an 2018, 4x4 (4drive), motor 2.0 TDI -190 cai, cutie automata dsg 7+1 viteze, 198xxx km, euro 6, carte service, recent import Germania, 30 zile numere zoll.
Dotari
- klimatronic 2 zone
-tapiterie piele, cusături roșii
-scaune cu incalzire
-cockpit virtual
-camere 360 °
-camera marsalier
-navigatie inclusiv Romania
-parktronic( parcheaza singura)
-lumini de zi led
-faruri led adaptive
-distronic
-lineassist
Etc
Stare foarte buna, atât estetic cat si funcțional.
Accept orice fel de test
Pret in euro
Nu doresc schimburi
Detalii la telefon 07******55
Multumesc"
seat,Ibiza,2 900 €,1 200 cm³,N/A,Diesel,Berlina,N/A,Alb,2014,Manuala,"Seat Ibiza 2014, motor 1.2 diesel
Kilometraj: 400.000 km (real, mașina folosită constant și întreținută la timp)
Colant Uber activ
Geamuri electrice
Aer condiționat funcțional
Schimburi de ulei și filtre făcute regulat la 10.000 km
Distribuție Continental schimbată
Ambreiaj Sachs schimbat
Turbo recondiționat
Direcție impecabilă
Acte la zi
Mașina este întreținută și folosită personal, in stare perfecta de functionare fara absolut nici o problema, acte la zi
Se mai incadreaza la uber/bolt 3 ani
datorita colantului primiti lunar 1900 lei,practic masina se achita singura"
seat,Leon,6 990 €,1 197 cm³,105 CP,Benzina,Hatchback,167 724 km,Negru,2014,Manuala,"Seat Leon 2014 – mic, nervos și cu chef de plimbare!
Un hatchback spaniol cu suflet german: arată bine, merge brici și te face să zâmbești la fiecare semafor. Perfect pentru oraș, dar nu zice „nu” nici unui drum la mare
1.2 TSI – 105 CP, Euro 5 – motor mic, dar pus pe treabă
Cutie manuală – pentru cei care mai știu ce înseamnă plăcerea de a schimba vitezele
An fabricație: 2014
Kilometraj: 167.724 km – kilometri nemțești, făcuți cu seriozitate, nu în drifturi
Import Germania – disciplinat și întreținut la timp
Serie șasiu: VSSZZZ5FZER103598
Preț: 6.990 € – cât o vacanță în Tenerife, dar ăsta te duce acolo fără bilet de avion
Rate fără avans – o conduci azi, o plătești relaxat
Garanție 12 luni – ca să dormi liniștit și să conduci cu zâmbetul pe buze
Livrare la domiciliu – vine până la tine, fără costuri ascunse
Numere roșii cadou – bagi cheia, zâmbești și pleci
WhatsApp: 07********55
Seat Leon – tânăr, energic și mereu pregătit de distracție. Mașina care te face să vrei să ieși mai des din casă!"
seat,Leon,4 690 €,1 900 cm³,105 CP,Diesel,Hatchback,225 000 km,Gri,2011,Manuala,"Motorizare:1.9TDi
Mecanic masina este 10/10
Motorul nu prezinta scurgeri de ulei, are DPF si EGR on
Mecanic nu trebuie investit nimic in viitorul apropiat
-discuri fata
-placute fata-spate
-filtre si ulei
-compresor AC
-farurile au fost îmbunătățite prin adăugarea unor leduri de inalta calitate
-jante aliaj originale seat(cauciucurile sunt noi, au fost rulate un sezon) vara/iarna
Interiorul este foarte ingrijit
Dotari:
-geamuri electrice fata/spate
-oglinzi electrice incalzite si rabatil electric(se pot inchide si din cheie)
-clima pe doua zone(cu afisaj pe navigatie)
-pilot automat
-comenzi pe volan
-proiectoare de ceata cu functia de cornering light
-carlig remorcare
webasto
Pretul este negociabil in limita bunului simt
Accept orice test
Propietar fiscal pe loc"
seat,Ibiza,4 150 €,1 781 cm³,277 CP,Benzina,Coupe,253 000 km,Gri,2001,Manuala,"Seat Ibiza Cupra 1.8T 2001 (cel mai usor model cu 1.8T de fabrica cu 156CP in acte, acelasi motor ca pe Cupra R)
Motor:
1.8T cod AYP de fabrica
Ecu BAM euro 4 cu immo off
Conversie wideband
Distributie noua Continental
Soft ATEAM Performance Mafless 277CP
429NM
100-200 9.98 masurat pe dragy
Bujii NGK iridium & Bobine R8 OEM
Vaccumuri anulate, mafless, ESP anulat
Flanse de aluminiu la sistemul de racire
Termostat nou Gates
Furtune silicon
Modul radiatoare nou
Clima functionala
Pompa benzina Sytec in tank 340l/h
Turbina K04-001 KN Raceparts Germany
Tip SFS oversized
Admisie cu filtru aer Ramair
Injectoare noi Bosch 550cc
Dv Forge 007 original
Traseu intercooler aluminiu 63mm (Tad performance)
Intercooler frontal 600x300x76 Bar and plate nou
Shortshifter
Ambreaj nou LUK cu volanta
Suport motor antibalans Powerflex Black
Traversa frontala cu bucse Powerflex galben
Franare si roti:
Furtunase metalice Hel
Lichid de frana racing Motul RBF660
Plăcuțe fata Ferodo Racing DS3000
Discuri fata Brembo Max 282mm ventilate
Placute spate Brembo Xtra
Discuri spate Rottinger T6 perforate
Cabluri frana de mana noi ATE
Sistem de franare spate cu etrieri spate noi si conducte de frana refacute
Jante Team Dynamics Pro Race 1.2 4x100 16x7J et35
Anvelope semislick Toyo R888R 205/45/16 dot2023 noi față
Anvelope semislick Nankang NS2R 205/45/16 dot 2023 noi spate
Evacuare:
Downpipe Trackslag 3.5 inch nou
Traseu evacuare 3 inch (76mm) cu band-uri (Tad performance)
Finala RM Motors 76mm noua cu iesire dubla 2x63mm
Sonda lambda Bosch noua
Sasiu:
Full poliuretan fata-spate cu Strongflex si Powerflex
Toate articulatiile pe fata noi (pivoti, bielete directie, capeti de bara)
Geometrie Circuit cu caderi pe fata -2.5 in prezent cu suruburi excentrice H&R (reglaje -1 pana la -3 pt cadere)
Suspensie reglabila MTS Technik Sport version (versiunea mai rigida cu 2 arcuri mic si mare)
Flanse Japan Racing 15mm față-spate noi cu prezoane lungi noi
Scaun sofer Sparco Grid Q cumparat nou in august 2025 cu 500€ cu omologare pana in 2030 cu sine de reglaj fata spate Sparco
Scaun pasager Sparco Sprint cu omologare expirata
Suporti dedicati pentru Ibiza de la OMP pt ambele scaune fata
Volan sport RRS cu butuc dedicat pt Ibiza
K-Brace spate custom
Strutbar intre oale fata OMP cu reglaj
Dotari:
Plafon si oglinzi vopsite negru
Climatronic cu clima functionala
Oglinzi cu reglaj electric
Computer de bord
Baterie mutata in portbagaj, stergator spate anulat
Detin scaunul pasager si banchete spate din piele neagra in stare foarte buna
Masina a participat la 5 etape de viteza in coasta de nivel judetean unde a obtinut podiumuri constant, a parcurs mai putin de 10000km cu setupul actual, toate piesele pe ea sunt ca noi, tehnic este impecabila!
Merge extrem de tare si nu este dedicata pentru soferi incepatori sau fara experienta in lumea motorsportului!!!
Se poate deplasa pe orice distanta, este o masina simpla fara probleme tehnice, are toate actele valabile, ITP pana in 20 aug 2026
Se preteaza pentru etape judetene de coasta, etape de amatori sau trackday pe circuit, autoslalom, drag racing etc, sau pur si simplu de plimbari rapide pe drumuri virajate…
Pretul se negociaza la fata locului!
In pretul afisat se vinde cu scaunul Sparco Sprint fara omologare, care se afla in stare impecabila si cu centuri RACES in 5 puncte fara FIA!
Pentru extra 600€ se vinde cu scaunul Sparco Grid cu FIA si centuri in 6 puncte GT2i, bineinteles celalalt se monteaza la pasager…
Sunt interesat de unele schimburi cu family cars, berline, break-uri, suv-uri etc!"
seat,Ibiza,3 900 €,1 400 cm³,85 CP,Benzina,Hatchback,172 435 km,Negru,2011,Manuala,"Pilot automat
Computer bord
Comenzi volan
Aer condiționat
4 geamuri electrice
Oglinzi electrice încălzite
Proiectoare ceata
USB Bluetooth
Jante aliaj
Isofix
Închidere centralizata
Cheie briceag
Geamuri heliomate
Abs esp
Servo direcție
Cauciucuri de iarnă bune
1.4 benzina euro5
Import recent Germania merge și arata foarte bine fără probleme tehnice sau estetice
După achiziționarea masini va putem ajuta cu înmatricularea acestuia fără alte costuri suplimentare"
seat,Leon,6 650 €,1 400 cm³,122 CP,Benzina,Hatchback,219 000 km,Gri,2014,Manuala,"www.metropolitanstarauto.ro
!! Posibilitate Rate/Leasing Auto
* Persoane Fizice (Minim 3/4Luni angajare)
- Posibilitate AVANS 0%
- Posibilitate de inchidere anticipata si recalcularea creditului, RATE FIXE calculabile in LEI !!!
- Finantare persoanelor cu Istoric Negativ in biroul de credit cu Avans de 0%
- Finantare Pensinari cu varsta maxima 74Ani la terminarea creditului.
* Credit Firme (Vechime 12Luni)
NOU !Finantare de la distanta prin Video Call fara documente.
* Verificarile și detaliile pentru rate se pot face TELEFONIC,WhatsApp SAU LA SEDIUL NOSTRU !!!
* Aprobare cu Buletinul la SEDIUL NOSTRU in maxim 2ore !!!
>Consultanta Zilnica!
>Livrare GRATUITĂ la domiciliu in toata tara!
>Garantie 12luni/10.000km-pana la 3Ani fara limita KM.
>Video amanuntit autoturismului dorit!
>Video Motorizare,Test Drive!
>Km certificati!
Cash: O74I.49O.847
O744.7OO.993
Rate: O74I.224.855
Seat Leon “Model Style”
An fabricatie: 10.2014
Motorizare: 1.4TSI  6+1Trepte. 122cp.
Norma de poluare: Euro5
Km: 219.000
- Geamuri electrice,Geamuri ionizate
- Oglinzi electrice,incalzite,heliomate si rabatabile
- Dublu climatronic
- Radio/Cd,Bluetooth
- Computer bord
- Faruri Matrix,Stopuri LED,Proiectoare ceata
- Pilot automat
- Comenzi volan/vocale
- Volan si Scaune reglabile pe inaltime si distanta
- 10Airbag
- Suport pahare,Cotiera
- Torpedou frigorific
- Jante Aliaj
- Senzori Ploaie/Lumina/Presiune
- Carlig remorcare detasabil
- Carte service
- ETC…
* Masina se prezinta atat Tehnic cat si Estetic intr-o stare buna! * Oferim Serie VIN pt verificare!* Oferim transportul auto, Nr. Rosii(Provizorii) pe LOC! * In pretul afisat sunt toate taxele incluse(nu necesita alte costuri ascunse)!
* Asiguram KM facturabil! *Acceptam si masina dumneavoastra prin sistemul Buy Back! CASH sau RATE (PRELUAM MASINA DUMNEAVOASTRA CA AVANS PT. ORICE MASINA DORITA DIN PARCUL NOSTRU)!
* Localizare: Bacau, Sat.Bogdan Voda, Str.Calea Romanului nr.194"
seat,Ateca,15 790 €,1 968 cm³,190 CP,Diesel,SUV,224 000 km,Negru,2018,Automata,"Bte Automobile Va Ofera Spre Vanzare Seat Ateca X - Cellence  Recent Adusa din Germania   Cu Nr Zoll Valabil 30 De Zile.
Nu sunt interesat de nici un fel de schimb! Carte service + Tuv Germania,
Recent schimbata
Distributie
, Ulei si filtre,
Ulei cutie Dsg
, Discuri si placute fata-Spate,
Anvelope noi vara cu jenti aliaj
, Anvelope iarna cu jenti aliaj,
Toate cu facturi di. Germania.
Dotari:Motrizare 2.0 Tdi 190 Cp,
4 drive ( Tractiune integrala 4x4),
Transmisie Automata Dsg,Seat driveProfile Eco/Normal/Sport/Individual/Offroad/Snow,
Faruri full led,
Haion electric
,Navigatie 3 D Full Europa Touchscreen
,Sistem profesional sunet cu sbwoofer,Distronic plus,Lane assist
, Blind spot
, Front assist,
,Key less Go/ Entry
,Dublu climatronic
,Bord computer
,Pilot automat,
Incalzire scaune,
Tapiterie piele alcantara,Volan piele multifunctional,
Senzori lumini
, Senzor ploaie,
Senzor parcare fata spate, Camera 360 Grade, Assistenta parcare ( parcheaza singur),
Oglinzi electrice si incalzite si rabatabile electric,
Cd/Dvd/Aux/Usb/Android,
Pachet lumini ambientale,Geamuri privaxy glass,Jante aliaj 18” originale,
Anvelope noi vara,
Carlig remorcare,
Panorama dubla,
Schimbate automata faza lunga scurta
, La deschidere apare sigla Seat, 2xChei     Etc"
seat,Leon,6 500 €,2 000 cm³,200 CP,Benzina,Hatchback,261 522 km,Alta culoare,2009,Automata,"Seat Leon FR, 2.0 TFSI, DSG, cod motor BWA
200 CP de fabrica, padele volan
Cheie tip briceag + cheie rezerva (simpla).
Ceasuri Maxidot
Clima 2 zone
Geamuri electrice fata/spate
Plafoniere fata/spate
Tavita cauciuc pentru protectie portbagaj.
Ambreiaje + electrovalve cutie schimbate 2021
Tampoane motor + articulatii + bucse schimbate 2021
Suspensie schimbata 2022: amortizoare stock + arcuri sport(rosii) Eibach
Adaugat benzi led iin portbagaj pentru o lumina mai buna.
Boxe schimbate (le pot da si pe cele vechi): Hertz dieci (4 boxe + 4 twittere)
Faruri xenon de fabrica (D1S) am pus led-uri D1S (pot oferi si becurile xenon) + devil eye in lupe (lupele de fabrica)
Proiectoare (H3) + faza lunga(H1) LED
Incalzire in scaune, senzori ploaie si lumina (faruri functia auto) Leaving Home + Comming Home, Cornering
Motor refacut, curatat + segmentat pistoane, schimbat toate garniturile, planat chiuloasa, schimbat ghidaje supape, inlocuit furtune vaccum, turbo reconditionat. Esapament de inox (de la jumate pana in spate) + tobe intermediara si finala custom din inox, clapeta evacuare cu telecomanda.
Catalizator fabrica pastrat
Interior (plafon, stalpi superiori, parasolare, oglinda centrala, manere) schimbate, pus negre, plafon retapitat negru
Masina antifonata si insonorizata (folosit cele mai bune materiale din domeniu, facuta ca pentru mine)
Instalat lumini ambientale symfony
Pregatita
Instalatie subwoofer(nu este inclus si subwooferul)
Instalat navigatie Teyes CC3 2K 360 (kit camere 360 + senzori parcare + Apple CarPlay, Android Auto):
https://www.soundhouse.ro/navigatii-2/unitati-multimedia/navigatie-auto-teyes-cc3-2k-3600-6128gb-1036-qled-octa-core-18ghz-android-4g-bluetooth-51-dsp
Adaugat senzori de parcare fata/spate"
seat,Leon,3 250 €,1 968 cm³,141 CP,Diesel,Hatchback,228 000 km,Negru,2007,Manuala,Masina este utilizata zilnic aproximativ 8 km . 2 seturi de jante cu anvelope iarna si vara.
seat,Leon,9 900 €,2 000 cm³,184 CP,Diesel,Hatchback,225 233 km,Negru,2016,Manuala,"De vânzare Seat Leon FR 2016 euro 6
184cp
Seat Leon FR 2.0 TDI
# Euro 6
# 2016
# 184 CP
# Faruri Matrix Led Față/Spate
# Day Light / Coming Home/Leaving Home
# Interior semipiele / Cusătura Roșie
# Sonorizare Seat Sound
# Subufar în portbagaj de fabrică
# Tempomat (pilot automat)
# Tine banda de drum singura
# Volan Piele/Multifunctional
# Torpedou refrigerat
# Dublu Climatronic
# ABS/ESP
# 3 Moduri de condus:Confort/Individul/SOPRT
# Senzor ploaie
# Senzori lumină
# Senzori parcare față / spate
#Comenzi Vocale
# Line Asist /Front Asist
# Comenzi volan
# Computer Bord
# Navigație Mare Color/ Touch Screen
# Senzori presiune roți
# Geamuri electrice
# Start - Stop
# Cameră marșarier
# Port Usb / Aux
# Car play
# Bluetooth
# Oglinzi Electrice / Heliomate /Încălzite
# Jante 18"" vară
# Jante 17 “ iarnă
# Banchete cu ISofix
#Încălzire scaune
Service full la zi se oferă fiscal pe loc,mașina se prezintă într-o stare excelentă nu necesita nici o investiție.
Distribuție sichimbata recent plus curea pompa de ulei și toate filtrele.
Toate piesele pe original !!!
Unic proprietar în RO
Fără schimburi!!!
Rog și ofer seriozitate !!!
Preț 9900 euro negociabil"
seat,Leon,9 500 €,997 cm³,116 CP,Benzina,Hatchback,150 000 km,Rosu,2019,Manuala,"Seat Leon 2019
Motor 1.0i 116cp euro6
150.000km reali
Cutie manuală 6+1
Primul Propietar de nouă
Seria de caroserie mai jos
VSSZZZ5FZKR056378
Pt video și mai multe poze nu ezitați să mă contactați.
Fară accidente sau daune.Nu are nici un element schimbat sau revopsit.
Dotari
-Geamuri electrice fata-spate confort
-DubluClimatronic
-Încălzire scaune fată
-Navigatie mare Touch
-CarPlay Bluetooth
-Coornering
-Senzori parcare față-spate
-Senzori ploaie
-Senzori presiune roți
-Volan 3 spițe piele
-Volan multifuncțional cu comenzi
-ABS
-ESP
-Cotieră
-Trusă portbagaj completă
-Rezervă slim
-Jante aluminiu Cauciucuri Hankook
-Proiectoare ceață
-Port USB și AUX
-Lumini de zi LED
Masina este impecabilă din toate punctele de vedere și nu prezintă urme de uzura sau folosință.Se prezintă atât estetic cât și tehnic ca și o mașină nouă.
Cumpărată de nouă de la 0km.Carte service.
Motor cu distribuție pe lanț fără probleme.
Orice buton este perfect functional.
Pret 9500 euro negociabil
Bragadiru -Ilfov"
seat,Ibiza,3 700 €,1 600 cm³,N/A,Diesel,Hatchback,203 500 km,Negru,2012,Manuala,"Seat Ibiza,model Copa!Masina ideala de naveta,bolt,glovo,incepatori
-import Olanda
-primul proprietar in tara din 2023
-masina este impecabila,curata,tehnic si mecanic,nu are gram de rugina
-interiorul este ca nou,canapele impecabile
-carte service la zi
-an fabricatie:2012
-motor 1,6 diesel(un motor f fiabil)
-km reali 100%(daca se constata ca nu sunt reali,scad pretul cu 1000 euro)
-model f dotat
-masina nu bate,nu trocane,in luna februarie am investit 4000 de lei,atasez facturi
-incalzire in scaune
-senzori parcare fata-spate
-clima digitala
-roata rezerva noua
-servo si pilot automat
-oglinzi rabatabile electric din cheie si manual
-detailling profesional
-se ofera fiscal fara problema
-itp valabil noiembrie 2026
Masina este perfecta pentru un incepator sau naveta avand un consum f mic,3,5 %
Masina mai are imperfectiuni conform varstei(nu cumparati masina noua)
Accept orice test,va dau seria vin pt verificare oricand!
Pretul este f usor negociabil!Masina nu este pentru pretentiosi ce vor masini din 2012 tipla!"
seat,Leon,3 850 €,1 398 cm³,125 CP,Benzina,Hatchback,265 000 km,Negru,2010,Manuala,"Seat Leon Facelift 1.4Tsi 125 cp euro 5 benzina
Cutie 6 viteze
Pret 3850€ foarte usor negociabil !
Km 265:000 reali
An 2010/02
- Distribuție pe lanț schimbată recent
- ambreiaj nou (1000 km)
- placute,pivoti,rulmenti spate ,ulei schimbati acum 3000 km
-Parbriz încălzit
-Dublu Climatronic
-Proiectoare Ceata
-navigație car play,aux/usb telefon
-Interior material textil Scaune sport
-Volan piele perforata Reglabil cu comenzi
-senzori parcare spate cu afișaj navigatie(camera masalier)
-Cornering
-Senzori de Lumina/Ploaie
-Follow me Home
-Leave me Home
-Pilot Automat
-Senzor Presiune pneuri
-Interior Ingrijit
-Folie omologată
-Bord Computer
-Geamuri electrice
-Oglinzi electrice incalzite/ rabatabile electric din buton
-Jante R16 de Aluminiu
-8XAirbag-uri!
-ABS, ESP
-Sistem Isofix
-Inchidere centralizata pe cheie 2 chei
-Masina cu costuri mici de intretinere
-Nu necesita investitii
-Fără schimburi/variante/ combinații
Pentru mai multe informatii telefonic/Rog seriozitateI
Proprietar ofer fiscal pe loc.
Masina se poate vedea in Buzau/Ploiești !"
seat,Leon,2 350 €,1 960 cm³,140 CP,Diesel,Hatchback,270 000 km,Gri,2005,Manuala,"Seat Leon 2.0 tdi import Germania in stare foarte buna atât tehnic cât și estetic, neînmatriculat,necirculat in România
Navigație
Clima
Jante aluminiu
Geamuri electrice
Oglinzi electrice
Senzori presiune roți
Computer bord
….etc
Nu fac schimb"
seat,Altea,2 150 €,2 000 cm³,140 CP,Diesel,Berlina,278 000 km,Negru,2005,Automata,Vând seat altea 2005 2.0 diesel 140cp cutie automată DSG.mașina are toate consumabilele schimbate și toate taxele la zi.M-ai multe detalii la tel.07******84
seat,Ibiza,1 250 €,1 200 cm³,69 CP,Benzina,Hatchback,158 000 km,Negru,2007,Manuala,"Firma TUDOR AUTOMOBILE RULATE S.R.L. autorizată în comerțul cu autoturisme oferă spre vânzare :
Seat Ibiza 1.2 Benzină MPI
An fabricație 2007 | Import Austria
PRET: 6.250 RON ( 1250 EURO )
Posibilitate Rate începând de la 225 Ron/luna
Cu sau fără avans prin intermediul Tbi Bank
Rulaj : 158 000 kilometri ( Istoric Service , Hârtii Tuv )
Se oferă factura fiscală
Garanție 12 luni Motor + Cutie
( Ofertă supusă unor termene și condiții )
Posibilitate numere provizorii 30,60,90 zile
CONTACT : 07******66 (Tudor)
07doi459doi229
O mașină foarte frumoasă și îngrijită de la nefumător , UNIC PROPRIETAR
Specificații:
* Aer condiționat
* Computer de bord
* Sistem audio Bluetooth
* Isofix
* Volan reglabil
* Cauciucuri M+S
* Scaune spate rabatabile
* Afișaj multifuncțional
* Geamuri electrice
* Controlul Stabilitătii ESP
* Servodirectie asistat electric
* Airbag-uri
* Inchidere centralizata
* Oglinzi cu reglaj electric
TUDOR AUTOMOBILE RULATE
Societate autorizată in comerțul cu autoturisme
Adresa: Boșorod , Strada Principală Nr.62
Județul Hunedoara
Petroescu Tudor
Administrator
TUDOR AUTOMOBILE RULATE S.R.L
*Notă: La descrierea mașinii pot apărea erori"
seat,Leon,8 450 €,1 989 cm³,184 CP,Diesel,Break,191 000 km,Negru,2015,Automata,"-Seat LEON FR-
*Import Germania
*An fabricatie 09.2014
*Motorizare 2.0 TDI 184CP
*EURO 6 FARA ADBLUE!
*Cutie viteze automata DSG
*Moduri de condus: Normal, Eco, Sport, Individual
*DCC - Dynamic Chassis Control
*KM 191000 - Carte service la zi
*Jante aliaj  R 18
--NUMERE DE ZOLL VALABILE--Masina a venit pe roti 2000km !
-Tehnic, mecanic, estetic in stare impecabila! Masina super intretinuta, super ingrijita. Masina arata si functioneaza perfect. Vopsea originala pe toata caroseria, ofer test vopsea.
-Fara erori in bord, fara nici o problema!
-Absolut toate optiunile perfect functionale.
-Ofer raport Carvertical, poze suplimentare si video pe whatsapp.
-Revizie efectuata:ulei+filtre in urma cu 2000km!
Dotari :
* Climatronic 2 zone
* Faruri tehnologie led
* Navigatie 3D - Touchscreen
* Line assist ( mentine banda de mers )
* ACC ( pilot automat adaptiv, mentine viteza si franeaza automat )
* Senzori presiune roti
* Asistenta faza lunga-scurta auto
* Senzori ploaie
* Senzori lumina
* Schimba faza lunga-scurta automat
* Incalzire in scaune
* Led (Lumini de zi + stopuri spate)
* Pilot automat
* Senzori parcare fata-spate
* Limitator de viteza
* Computer bord multifunctional
* Comenzi volan
* Cotiera fata+spate
* Oglinda retrovizoare heliomata
* Geamuri electrice
* Usb-Bluetooth-Aux
* Abs
* ESP
* Servo directie
* Oglinzi electrice, incalzite si retractabile automat
* Folow me home
* Geamuri spate ionizate
* Airbag-uri frontale,laterale, scaune, cortina
* Alarma originala
* Pachet lumini ambientale LED"
seat,Leon,7 900 €,1 400 cm³,122 CP,Benzina,Berlina,194 000 km,Rosu,2014,Manuala,"7900€ negociabil
• Seat Leon FR editon 1.4 TSI (122CP)
• 2014.08 – Euro 5 –
•Cutie de viteza manuala
•194.000 km certificati
•Achizitie CASH / RATE / BUY-BACk
DOTĂRI:
•⁠ ⁠Clima pe 2 zone
•⁠ ⁠Scaune incalzite
•⁠ ⁠Senzori parcare
• navigatie mare
• senzori parcare ( parcare asistata)
•⁠ ⁠Volan Piele Multifunctional
•⁠ ⁠Computer de bord
•⁠ ⁠Pilot Automat
•⁠ ⁠Oglinzi incalzite si retractabile electric
•⁠ ⁠Senzori Ploaie
•⁠ ⁠Senzori Lumini
•⁠ ⁠Jante Aliaj R17
•⁠ ⁠Scaune cu reglaj electric
• Scaune incalzite
•⁠ ⁠Asistenta la parcare
•⁠ ⁠Faruri Full Led
•⁠ ⁠bi xenon
• 4 moduri de condus
•⁠ distributie schimbata la 174.000 km
•⁠  ulei schimbat la 190.000
•⁠ 2 seturi de jante aluminiu vara/iarna
AVANTAJELE PARCULUI NOSTRU:
•⁠ ⁠Transport gratuit la domiciliu in toata tara
•⁠ ⁠Finantare 100% online sau direct in locatia noastra
•⁠ ⁠Rate fixe cu sau fara avans doar cu buletinul pentru persoane fizice
•⁠ ⁠Kilometraj verificat si certificat
•⁠ ⁠Posibilitate test drive pentru orice masina, detinem numere de proba
•⁠ ⁠Video si poze extra la cerere cu masina dorita
•⁠ ⁠Asistenta pentru RAR si inmatriculare
• tara de origine Germania
Ne gasiti in Sanmartin , GHEORGHE SINCAI 2a
⁠PROGRAM:
Luni - Vineri: 09:00-17:00
Sambata: 10:00-15:00
Duminica: INCHIS"
seat,Leon,10 390 €,1 968 cm³,184 CP,Diesel,Break,249 000 km,Alb,2016,Automata,"Seat Leon XPerience 4x4
Transmisie automata 6+1 trepte
Motorizare 2.0 Diesel
Norma poluare EURO 6
Rulaj 249 000 km
Unic proprietar in tara, import Germania 2023
Masina se prezinta impecabil tehnic si estetic!!!
A fost folosita ca a doua masina, se vinde din cauza neutilizarii, nu necesita nici o investitie!!!
Dotari:
•Distronic (pastraza distanta fata de masina din fata)
•Lane assist (masina pastraza banda singura)
•Faruri full LED Matrix
•Cutie Automata DSG 6+1 trepte
•Dublu Climatronic
•Incalzire in scaune
•Tapiserie din piele cu insertie de alcantara
•Moduri de condus
•Volan piele cu comenzi multifunctionale
•Padele
•Bord computer
•Geamuri electrice
•Oglinzi electrice incalzite si rabatabile electric
•Jante aliaj originale cu anvelope de iarna
•Senzori de parcare fata spate
•Carlig de remorcare
•2 chei briceag
•Carte service la zi
•Distributie schimbata la 204 000 km
Pret usor negociabil
Schimburi la 11 000 €"
seat,Leon,5 800 €,1 398 cm³,N/A,Benzina,Break,213 000 km,Negru,2016,Manuala,"Se vinde Seat Leon 1.4 benzina
213000 km
Singura problema: putina rugina pe aripa spate dreapta"
seat,Leon,8 500 €,1 968 cm³,150 CP,Diesel,Hatchback,204 000 km,Gri,2013,Manuala,"Țară de proveniență Germania
Km 204 000 în creștere
Tapițerie piele + alcantara scaune față încălzite
Dublu climatronic
Oglinzi încălzite (rabatabil electric)
Sistem audio Seat sound cu subwoofer
Faruri- stopuri led cu funcție cornering, follow/leaving home
Proiectoare ceață
Navigație cu harta României inclusiv
Conexiuni Bluetooth, MP3 .Senzori lumini,ploaie, anvelope
Discuri +plăcuțe noi aproximativ 1 lună
Ulei + filtru înlocuite aproximativ 400 km parcurși după schimb
Jante pe 18"" cu anvelope aproape noi Continental
Masina de nefumător în perfectă stare de funcționare
Autoturismul se vinde doar cu perfectarea actelor de vânzare, fiscalul se oferă pe loc"
seat,Leon,1 750 €,1 600 cm³,N/A,Benzina,Hatchback,246 000 km,Negru,2006,Manuala,"Vand Seat Leon 1.6 benzina din 2006
Aer conditionat 2 zone
Oglinzi electrice rabatabile
Incalzire in scaune
Fara martori aprinsi
246000 km
Adusa din Germania acum 2 luni"
seat,Leon,6 750 €,1 600 cm³,110 CP,Diesel,Break,228 471 km,Alta culoare,2014,Manuala,"An fabricatie 28-12-2014
Motorizare 1.6TDI 110cp
Faruri full led (Matrix)
Day light led lumini de zi
Navigatie mare cu harti si pe România
Bluetooth, usb, aux
Climatronic doua zone
Senzori parcare fata + spate cu afisaj pe display
Senzori ploaie
Senzori lumini
Oglinzi electrice și încălzite
Oglinzi Pliabile Electric
Geamuri electrice fata/spate
Geamuri cu tenta verzuie din fabrica
Lumini ambientale interior
Volan din piele
Comenzi volan
Pilot automat
Proiectoare ceață
Interior piele și alcantara
Cotiera fata/spate
Torpedou frigorific
Jante aliaj R17
Mașina arata și funcționează impecabil !
Carte Service
Etc Etc"
seat,Exeo,3 550 €,2 000 cm³,143 CP,Diesel,Break,260 000 km,Negru,2010,Manuala,"Seat Exeo ST – 2.0 TDI (Common Rail),
Euro 5 – 143 CP, 2010 – 260.000 km
Mașină în stare tehnică foarte bună, fără bătăi, fără probleme la motor, cutie sau direcție.
Dotări tehnice și confort:
Oglinzi laterale electrice și retractabile electric
Oglindă retrovizoare electrocromată (heliomată)
Geamuri fumurii + geamuri electrice față/spate
Senzori de parcare spate
Senzori de ploaie și lumină
Cruise control (tempomat)
Webasto cu telecomandă
Dublu climatronic cu zone separate
Încălzire în scaune
Aer condiționat
Comenzi multimedia pe volan
Scaune sport profilate
Cârlig remorcare omologat
Faruri bi-xenon cu funcție adaptivă (AFS)
Proiectoare ceață
Stopuri LED
Sistem audio premium BOSE
Kit hands-free Bluetooth
Jante aliaj
Senzori de presiune roți (TPMS)
2 chei originale
Investiții importante :
Volantă, ambreiaj și kit distribuție schimbate la 230.000 km
Nu necesită nicio investiție urgentă.
Mașina rulează foarte bine, consum redus, ținută de drum excelentă — platforma este cea a Audi A4 B7, ceea ce înseamnă fiabilitate și confort specifice VAG.
Preț 3.550 euro
Pentru mai multe detalii contactați numărul de telefon : 07******13"
seat,Leon,4 799 €,1 400 cm³,122 CP,Benzina,Hatchback,151 000 km,Alb,2010,Manuala,"Seat Leon model Style recent adus, stare buna estetic și mecanic, Import Germania, motor 1.4 TSI 122cp ,cutie manuala 6+1 trepte. Dotări: -Dublu Climatronic
-Bord Computer
-Inchidere Centralizata 2 chei
-Jante Aliaj R17
-Senzori Presiune Roti
-Faruri Ceata
-Xenon,Spalatoare Faruri
-Volan Sport Imbracat in Piele
-Volan Reglabil
-Comenzi Volan
-Servo Directie asistata Electronic
-Pachet Siguranta: -Airbag - ABS -ESP -ASR
-4xGeamuri Electrice
-Inchidere Centralizata
-Oglinzi Rabatabile si Incalzite
- Navigatie Radio CD Mp3 Aux
-Scaune Sport Tapiterie Alcantara
-Scaune Fata Incalzite
-Senzori ploaie si lumini
-Senzori parcare Fata Spate
-Stare buna Estetic si Mecanic
Accept orice test!!"
seat,Leon,5 200 €,N/A,110 CP,Benzina,Break,179 000 km,Albastru,2014,Automata,"Seat Leon DSG
Motor : 1,2 benzina, 110 CP
Norma Euro : 6
Cutie de viteze automata !
Scaune incalzite, Dublu Climatronic, Senzori lumini, Senzori ploaie, Start & Stop, Pilot automat, Display central tactil, Audio (Radio / USB in torpedou / AUX) 6 incinte acustice, conectare telefon prin bluetooth si rulare media de pe telefon (audio streaming), Asistent la pornire în rampă (HSA, Hill Start Assist), Limitator de viteza, Comenzi volan, Full airbag, ABS / ESP / Servo, Jante 16 inch, Sistem de monitorizare presiune pneuri, Carlig remorcare.
Proiectoare, Geamuri electrice fata spate, Geamuri nuantate, Oglinzi electrice, incalzite, Oglinda interioara heliomata, Inchidere centralizata, Cotiera fata, Sistem Isofix scaun copii.
Adusa in tara pe roti. Ruleaza impecabil."
seat,Ateca,15 200 €,1 400 cm³,150 CP,Benzina,SUV,115 500 km,Gri,2017,Manuala,"Seat Ateca 2017 benzină
- Motor 1400 benzină 150CP
- Tranctiune integrală 4X4
- Faruri full led
- Camera marșarier
- Senzori parcare 360 grade
- Parchează singură
- Jante 17 cu anvelope Continental de iarna
- Navigație, bluetooth, apple CarPlay și android auto
- Încălzire în scaune
- Pilot automat
- Front asist
- Parbriz încălzit
- 6 moduri de condus
- Auto hold
- Oglinzi pliabile electric
Mașina are 115.000 km cu revizii la zi și întreținere impecabilă.
Schimbată distribuția la 80.000 km. Plăcuțe frâna noi. Revizie făcută acum 1000 km.
Mașina are istoric de la 0 km în reprezentanta Seat."
seat,Leon,8 300 €,1 998 cm³,184 CP,Diesel,Break,N/A,N/A,2016,Automata,"Descriere
SEAT Leon FR 2.0 TDI 184 CP, AN FABRICATIE 2016, IN ACTE!
Detalii mașină:
• Motorizare: Diesel 2.0 TDI, 184 CP
• Transmisie: Automată
• Jante originale SEAT 18”,
• Faruri: Matrix LED, bixenon
Funcții și dotări:
• Senzori lumina, ploaie, presiune roti
• Park tronic
• Semnalizari led faruri, stopuri, oglinzi
• Ecran cu touch, DVD, SD, HDD si conexiune bluetooth
• Comenzi volan
• Sistem audio Seat Sound cu subwoofer
• încălzire in scaune
• Cruise Control
• Oglinzi retractabile și încălzite
• Dublu Climatronic
• Geamuri folie shadow din fabrica
•Senzori parcare
•Închidere centralizată
•Import Olanda
Mai multe detali la 07******62"
seat,Ateca,22 450 €,1 984 cm³,300 CP,Benzina,SUV,150 000 km,Alb,2019,Automata,"Ofer spre vânzare Cupra Ateca. Mașina este, înmatriculată, adusă personal din Austria, cumpărată de la reprezentanta.
Dotări:
Motor pe benzină cu 4 cilindri 2,0 L/300 cp TFSI, tracțiune integrală
Senzori de parcare 360
Camere pentru vedere 360
Oglinzi exterioare, rabatabile electric, reglabile electric, incalzite separat
Virtual cockpit cu navigație
CarPlay
Faruri și stopuri Full LED
Jante din aliaj pe 19”
Monitorizarea presiunii în anvelope
Cârlig de remorcare acționat electric
Pachet avansat de confort și securitate
Easy Open - usa portbagaj cu deschidere controlată de senzor, inclusiv cu piciorul
BeatsAudio: difuzor premium, 1 subwoofer, amplificator de 340 W, tehnologie surround
scaune față încălzite
scaune Alcantara
Sistem start/stop
Menținerea benzii, ambuteiaj, parcare, unghi mort (BSD) și asistent de urgență
Geamuri laterale cu protecție termică
Închidere centralizată „Keyless-Entry”
sistemul de scaun pentru copii ISO FIX
Pentru mai multe detalii, mă puteți contacta și pe whatsapp sau telefonic."
seat,Exeo,2 999 €,1 969 cm³,143 CP,Diesel,Break,182 000 km,Argintiu,2011,Manuala,"Seat Exeo 2.0TDI
EURO5
143Cp Cod caga
An 04/2011
182.000 km (dovadă inspecțiile tehnice din Germania unde se vede clar din 2 in 2 ani km)
climatronic
Navigatie
bluetooth
Cd/Dvd
Incalzire in scaune
Oglinda heliomata
Bixenon (faruri adaptive)
Senzori ploaie si lumina
Pilot Automat
Senzori Parcare
Comenzi volan
Volan piele
Geamuri electrice
DRL lumina de zi
Coming Home/Leaving Home
Carlig Westfalia demontabil cu cheie
Jante aluminiu
Baterie varta
Cauciucuri de iarna barum polaris5 16"" ca noi
2x chei
Cumparata din Germania de la proprietar neamț
Filtre si ulei schimbate la începutul anului
Interior curat
Motor directie funcționează impecabil
Nu s-au scos numere rosii
La cerere asigur transport pe platforma direct la domiciliu
PRET 2.999€ fix fără negocieri
Nu accept schimburi!"
seat,Leon,1 000 €,1 900 cm³,N/A,Diesel,Hatchback,N/A,N/A,N/A,Manuala,"Vand Seat Leon
An fabricație 2006
Motor 1.9 TDI
Acte la zi
Funcționează perfect.Revizia la zi ."
seat,Exeo,7 450 €,2 000 cm³,143 CP,Diesel,Break,120 000 km,Gri,2013,Automata,"Vând auto personal Seat Exeo ST, an 2013, Facelift, 2.0 TDI 143cp, 120k km în creștere.
Are anvelope de iarnă in stare bună, au o vechime de aproape 2 ani.
Mașina are dotări de top, printre care xenon, led față-spate, sistrm audio BOSE cu subwoofer de fabrică, încălzire in scaune, scaune sport, senzori parcare etc, totul funcțional. Tel. Zer0 sapt3 c1n1 do1 unnu patru zer0 0pt unnu unnu"
seat,Leon,5 999 €,1 197 cm³,110 CP,Benzina,Hatchback,290 000 km,Alb,2016,Manuala,"Seat Leon -2016 - revizie efectuata ( ulei/ filtre / accesorii )
Scaune incalzite
Dublu climatronic
Senzori ploaie
Senzori lumina
Proiectoare ceata - functie cornering
Volan piele / comenzi volan
Pilot automat
Jante aliaj
Credit doar cu buletinul, fara adeverinta de venit.
Finantare rapida pentru : Persoane fizice/Juridice/Pfa/Întreprinderi individuale.
Avans 0% pana la 16.000 Euro pentru Persoane Fizice/Pfa/Întreprinderi individuale
Dobanda fixa de la 1% pe luna.
Avans 15% pentru Persoane Juridice / Dobanda fixa de la 4.5 %/an.
Se accepta veniturile din pensie, diurna si contractele din afara tarii.
Kilometraj certificat.**Descrierea autovehiculului este cu scop informativ.In cadrul acesteia pot interveni erori de tipar sau erori umane( optiuni , capacitate cilindrica , transmisie , etc)
**In baza seriei de sasiu se poate verifica lista exacta a dotarilor in reprezentantele marcii"
seat,Leon,4 249 €,1 598 cm³,105 CP,Diesel,Hatchback,228 500 km,Negru,2012,Automata,"Seat Leon editie Copa, 2012, motor 1,6 diesel, automatic 7 viteze. Masina personala ingrijita cu mare atentie. Stare tehnica foarte buna, estetic mici defecte conform varstei.
Dotari: comenzi volan, pilot automat, mod Sport, geamuri electrice, oglinzi electrice si incalzite cu rabatare automata, navigatie, usb si bluetooth, senzori parcare, senzori ploaie, faruri automate cu lumini de zi, senzori presiune roti, clima duala, incalzire scaune fata, oglinda retrovizoare electrica, Head up Display HUD,
Geamuri colorate din fabrica.
Carte service la zi, km reali si verificabili. Se vinde cu 2 seturi de cauciuri iarna si vara in stare foarte buna. Ofer pe whatsapp mai multe fotografii si detalii."
seat,Leon,3 400 €,2 000 cm³,140 CP,Diesel,Hatchback,240 000 km,Rosu,2009,Automata,"Seat Leon
2.0 tdi. 140 cp
224150 km
08.12.2008
Cutie automata
Dublu climatronic. Funcțională
Senzori ploaie
Senzori lumini
Senzori parcare
4 geamuri electrice
Interior curat
Cutia schimba foarte bine
Urme normalle de uzura
Schimbat articulație
DIscuri placute fata +spate noi
Volanta NOUA
Revizie cutie.
Revizie motor. Revizie turbina
Injectoare curățate schimbate șaibe foc.
Distributie.
Fulie motor.
Compresor , radiator AC nou.
Curățat instalație AC.
Pivoți schimbati
Masina nu are nevoie de nici o investitie"
seat,Ibiza,6 699 lei,1 423 cm³,70 CP,Diesel,Hatchback,170 000 km,Gri,2007,Manuala,"Vând Seat Ibiza 2007, 1.4 TDI, 51kw, consum mic, nu scoate fum, Euro 4, 170000 km reali 100%, prima înmatriculare 2008, are aer condiționat funcțional, sistem audio Hertz, proprietar, carte de identitate noua, se vinde doar cu fiscal !! Tel 07******47, jante pe 15 cu anvelope de iarna bune, mici zgârieturi conform vârstei, vizibile in poze !!
!Atenție rog băgătorii de seamă sa treacă peste anunț, cioflingari cu oferte de prost gust vor primi block direct, daca nu aveți bani de mașini sa vă luați căruțe sau biciclete!"
seat,Ibiza,3 000 €,1 598 cm³,90 CP,Diesel,Hatchback,397 299 km,Gri,2013,Manuala,"Proprietar vand Seat Ibiza
An fabricatie 2013
Km 397299
Diesel
Capacitate motor 1598
Geamuri electrice pe fata
Abs/Esp
Radio cd
AC
Cauciucuri de vara + iarna
Închidere centralizata
2 chei"
seat,Altea,4 000 €,2 000 cm³,N/A,Diesel,Break,223 000 km,Negru,2006,Manuala,"Vând Seat Altea 2.0 TDI,
An 2006 în PERFECTĂ STARE DE FUNCȚIONARE,
doar anul trecut am investit în ea peste 3 000 lei, schimburi,
și tot ce a fost necesar,
am și factură pe tot ce am schimbat.
An foarte bun, iar ca număr de km 223 000 km reali și puțini,
comparativ cu ce mașini mai sunt pe piață același model.
Atenție, verificabili prin RAR.
— Dublu climatronic,
— Cutie de viteze manuală 6 trepte
— Închidere centralizată *( 1 cheie telecomandă și 1 cheie clasică)
— Încălzire oglinzi
Cauciucuri ALLSeason - iarnă / vară CONTINENTAL
Se poate vedea oricând, la fața locului, negociabil!
Primul proprietar, înmatriculată în anul 2021,
dacă s-au făcut cu ea în țară 20 000 km,
este mașina soției. (servici și acasă)
Pe, zilele acestea, 18.11.2025, am schimbat filtre, ulei, plăcuțe frană față/spate *(pe spate și discurile si plăcuțele)
MAȘINĂ PERSONALĂ
Nr. Telefon: 07********08"
seat,Leon,5 400 €,1 996 cm³,170 CP,Diesel,Berlina,270 000 km,Albastru,2010,Automata,"Seat LEON 2010/ Pachet FR/ 2.0 TDi/ 170cp/ Automat DSG/ Euro 5
Motorizare : 2.0 TDi ( 170cp )
An de fabricație : 2010
Cutie de viteze Automata ( DSG )
Norma de poluare EURO 5
Înmatriculat România
Gama de dotări a mașinii se remarcă prin următoarele :
Pachet FR Interior/ Exterior
Interior Sport fără rupturi
Navigație Mare
Volan Sport Multifuncțional
Computer de bord
Dublu Climatronic
Oglinzi încălzite/ retractabile electric
x4 Geamuri Electrice
Încălzire scaune
Comenzi vocale
Pilot automat
Senzori Lumini
Senzori Ploaie
Senzori presiune roți
Proiectoare ceață
Spălătoare faruri
Xenon
Jante aliaj R18
Mașina arată exact ca și în poze și merge foarte bine !
Acte valabile la zii, ofer fiscal pe loc în momentul vanzari
Pentru mai multe detalii mă puteți contacta atât telefonic cat și în privat ."
seat,Arona,11 750 €,999 cm³,116 CP,Benzina,SUV,61 000 km,Rosu,2020,Automata,"*Auto inmatriculat (Nu necesită RAR) 62000 km 1.0 Benzină 116 cp Atutomata
*Norma poluare Euro 6
*Camera mers înapoi
*Senzori 360
*Parcare asistată
*Start/stop la semafor
*Side asist
*Sistem ESC
*Asistenta Sofer
*Motorizare Benzină
*Se pune la dispozitie raport verificare
*Cornering
*Două chei tip briceag (1buc noua)
*Pilot Automat,Limitator Viteză
*Apple Car,Android Car
*Usb,Bluetoth
*Comenzi Volan
*Front Assist pe trei trepte de avertizare
*Detectare automata a oboselii Soferului
*Scaune incalzite pe doua trepte
*Geamuri electrice fata-spate cu protectie
*Oglinzi rabatabile
*Hill Assist (asistenta la plecarea din rampă)
*Senzori presiune pneuri
*Oglinzi rabatabile electric,incalzite,reglabile
*Discuri si placute absolut noi
*Coloană directie reglabilă pe inaltime si adancime
*Scaun sofer reglabil pe inaltime si adancime
*Suport pahare,Cotieră
*Masina de nefumator
*Se accepta testare oriunde
*Pentru detalii:07******29
Pret: Brut
Culoare: Rosu
VIN (serie sasiu): VSSZZZKJZLR173795
Emisii CO2: 113 g/km
Anunt adaugat de pe Autovit.ro"
seat,Tarraco,16 650 €,1 995 cm³,190 CP,Benzina,SUV,N/A,Alta culoare,2020,Automata,"Seat Tarraco Xcellence 4Drive
Import recent, autoturism nerulat în România
-Numere valabile 90 de zile
- Motorizare benzina 1968 cm3- 190 cp
-Consum mediu 7%
- Tracțiune 4x4 (4Drive)
-Norma poluare: Euro 6
-Model ""XCELLENCE PLUS""- vârful de gamă disponibil pentru acest model , având următoarele dotări :
- Tapițerie piele+ alcantara maro fără rupturi sau urme de uzură
- Cutie de viteze: Automata DSG 7+1
-Elemente cromate pe exterior
-Plafon negru+ stâlpi uși negri
-Încălzire scaune față pe 3 nivele
-Incalzire individuala in bacheta pentru pasagerii din spate pe 3 nivele
-Senzori de parcare față-spate cu afișaj pe navigație
-Camera marșarier cu afișaj pe navigație
-Park Assist -Asistenta la parcare - functie prin care masina Parcheaza Singura! Ieșire și intrare in parcare
-ACC+ Distronic Plus -urmareste si menține distanta și accelerează sau frânează în funcție de auto din fața
-Active Braking Assist -franeaza singura in caz de pericol iminent cu pietoni masini sau orice obstacol
-Lane Departure Warning -mentine banda de circulație și vibrează volanul la depășirea benzii involuntar
-Side Assist -avertizare la unghiul mort
-Attention Assist -avertizare oboseala
-Comfort drive Travel Assist, sistem de menținere a benzii de rulare Lane Assist și Emergency Assist
-High Beam Assit -schimbă automat faza lunga/scurta
-Cârlig remorcare original
-Climatizare 3 zone cu afisaj digital
-Jante aliaj originale model EXCELLENCE
-Anvelope bune
-Volan multifunctional imbracat in piele si reglabil cu Logo EXCELLENCE
-Padele pe volan
-Praguri cu inscripția EXCELLENCE iluminate
-Privacy Glass (Geamuri negre heliomate de fabrica)
-Drive Select moduri de condus Eco/Normal/Sport/Individual/Offroad/Snow
-Navigatie Mare 3D cu Touchscreen (incl. full Europa + RO) -Mp4 -Dvd -Redare Video -2x SD Card Reader -HDD 80Gb -Aux In -Bluetooth Audio -Internet
-Pachet de Lumini Ambientale Int/Ext. (trimurile usilor,bord,mânere,praguri)
-Lumina ambientală exterioară cu logo TARRACO
-Faruri Ultima Genaratie Full Led Matrix + Daylight LED
-Stopuri spate full Led cu semnalizari Dinamice
-Scaune cu reglaj electric
-Pornire la buton
- Sonorizare premium
-Asistenta la coborâre( mașina menține singura viteză setată de către dumneavoastră în momentul coborârii unei penți)
-AUTO HOLD
-Comenzi vocale
- Semnalizari in oglinzi
-Oglinzi rabatabile electric
-Scaune față cu reglaje full electrice
- Funcția fallow me home
- Asistenta la urcare și coborâre ( la fiecare plecare in rampa sau panta se blochează rotile pt siguranța și confortul șoferului)
- Spălătoare faruri
- Keyless go- pornire cu cheia în buzunar
- Keyless entry- deschidere/ închidere cu cheia în buzunar
- Computer de bord
- Senzori de lumini/ploaie
- Proiectoare de ceață led
-Senzori Ploaie / Lumini / Presiune Pneuri
-Computer bord 3 D (consum instant , range , mixt, etc)
-Cotiera fata / spate (suport de pahare)
-Portbagaj cu deschidere automata din telecomanda si / sau buton+ soft close
-Deschidere portbagaj “cu piciorul”
- 4 x Geamuri electrice blocabile pentru copii
- Oglinzi electrice incalzite si heliomate
- Oglinzi retrovizoare și laterale antiorbire
- Inchidere centralizata
- Volan reglabil
-2 chei contact cu telecomanda
-Follow me home / Leaving Home
-Banchete spate rabatabile
-Consum Redus de Combustibil,Motorizarea Ultima Generatie
- Cotiera fata/ spate cu loc de depozitare
-257.000 Km 100% reali verificabili
-Dețin raport car vertical
-La cerere pun la dispoziție video detaliat cu mașina
-Prima înmatriculare: 11/2019
-Serie șasiu 2020
-Autoturismul se prezintă în perfecta stare tehnica și estetica
-Toate actele necesare înmatriculării se finalizează în ziua vânzării
-Nu accept schimburi"
seat,Leon,6 900 €,2 000 cm³,150 CP,Diesel,Break,186 912 km,Gri,2017,Automata,"Seat Leon an fabricație 2017 luna a10a
Motor 2000 diesel 150 CP euro 6
Cutie viteze automată
Geamuri și oglinzi electrice
Închidere centralizată se deschide cu cheia în buzunar,pornirea la fel
Navigație mare color
Computer bord
Clima două zone
Scaune încălzite
Pilot automat
Senzori parcare față spate,ECT.
Proprietar ofer fiscal la vânzare
Relații la zero73022227șase."
seat,Leon,9 200 €,N/A,150 CP,Benzina,Coupe,90 000 km,N/A,2016,Manuala,"De vânzare Seat Leon SC (Sport Coupe) FR,
motorizare 1.4 TSI, 150 CP, cutie manuala,
prima înmatriculare în 2018. Masina se
prezinta în stare foarte buna, atât tehnic cât si
estetic.
Dotari principale:
Faruri si stopuri LED
Lumini ambientale
Faruri automate
Navigatie harta europei 2024
Sistem audio premium Seat Sound 9 difuzoare
+ subwoofer
Scaune fata incalzite + suport lombar
Suspensie sport FR
Senzori de parcare
Senzori ploaie
Jante originale pe 18"" cu anvelope de vará
Michelin Pilot Sport 5
Set de iarna Continental WinterContact TS
860 inclus
Masina este întretinuta cu atentie, fara
accidente, revizie tehnica efectuata la interval
de 1 an, sub 15.000km, carte completa. ldeala
pentru cine isi doreste o compacta sportiva,
bine echipata si economica."
seat,Leon,6 900 €,1 395 cm³,125 CP,Benzina,Hatchback,200 km,Albastru,2015,Manuala,"Vând Seat Leon FR 2015
Contact -""0729""366""898""
Distribuție pe curea mult mai fiabilă decât cea pe lanț la acest model.
Nu necesită nicio investiție, plăcuțe discuri frână față spate schimbate, ulei filtre, distribuție schimbată, kitul de ambreiaj schimbat,  totul făcut recent cu factură.
Norma de poluare: EURO 6
Rulaj: 200.000 Km reali, se pot verifica, am carte service cu ștampilă din reprezentanță
Dotari:
- Echipare FR ( Pachet exterior, volan, scaune si suspensie sport)
- Senzori spate și cameră marșarier.
- Dublu climatronic
- Geamuri actionate electric cu impuls
- Comenzi volan
- Pilot automat
- Volan si schimbator imbracate in piele
- Moduri de condus ( Eco  Sport  Confort  Individual)
- Senzor de lumina si ploaie
- Geamuri fumurii spate + luneta
- Oglinzi reglabile, incalzite si rabatabile electric
- Oglina retrovizoare anti-orbire
- Infotainment cu display color
- Conectivitate USB  AUX  Bluetooth  card SD
- Sonorizare premium Seat Sound ( 9 difuzoare + Subwoofer)
- Iluminat ambiental
- Proiectoare de ceata cu functie cornering
- Stopuri full led
- Functie Coming  Leaving home
- Roata de rezerva de dimensiuni reduse
- Jante aliaj 17"" cu anvelope all sezon cu dot 2024 aproape noi
Covorase mocheta originale+ covorase
Beterie nouă, are câteva luni.
Nu este o mașină nouă are mai multe urme de uzură estetice aferente anului său!
Nu ma intereseaza schimburi.
Accept orice test !
Masina se poate vedea in București sau în Ploiești cu programare."
seat,Tarraco,18 750 €,2 000 cm³,190 CP,Diesel,SUV,195 000 km,Negru,2020,Automata,"Stare foarte bună de functionare,proprietar în acte, fiscal pe loc,motor 2.0 tdi, 190 cai euro6, cutie automată 7 viteze, 4x4,interior piele, 7 locuri, scaune încălzite,dublu climatronic, oglinzi electrice încălzite rabatabile electric, recunoaștere indicatoare rutiere, frânare de urgență, comenzi volan, pilot automat, senzori parcare fata-spate, navigație mare color cu touchscreen, camera 360°,Side assist, Keyless go și entry, Lane assist,geamuri fumurii de fabrica, jante aliaj,+multe altele, nu fac schimburi"
seat,Leon,2 850 €,1 900 cm³,105 CP,Diesel,Hatchback,N/A,Gri,2008,N/A,"Vand Seat Leon Motor 1.9 Tdi 105 Cp Consum Foarte Mic
An Fabricație 2008
Norma Poluare Euro 4
Propietar în Acte Ofer Certificat fiscal
Acte Valabile Rca + Itp 09 2026
Masina Arată Și funcționează Foarte Bine
Dotării
Pilot Automat
Comenzi Pe Volan
Volan reglabil
Computer de bord
Aer Condiționat Funcțional
Navigatie Android- Bluetooth
Oglinzi rabatabile electrice + Încălzire
Geamurii Electrice Față Și Spate
Închidere centralizată din cheie
Senzor Presiune Roți
Proiectoare de Ceață
Preț : 2850 Euro Negociabil
Telefon ⁰⁷²⁴ ⁴¹⁴ ⁰⁸²"
seat,Leon,6 600 €,N/A,105 CP,Benzina,Hatchback,230 000 km,Rosu,2014,Manuala,"Seat Leon 2014, 1.2 benzina 105cp, fără zgârieturi/lovituri interior-exterior, arata și merge foarte bine nu are defecte ascunse. Schimb cu VW Tiguan + diferența din partea mea."
seat,Exeo,4 400 €,1 968 cm³,143 CP,Diesel,Break,245 000 km,Negru,2011,Manuala,"-Seat Exeo 2011 2.0 TDI 143 CP
6+1 Viteze *EURO-5*
-Dublu CLIMATRONIC
ABS ESP SRS Aerbeguri.
-Geamuri Electrice Oglinzi Electrice
Inchidere Centralizata.
-Încălzire Scaune Faruri Automate
Senzori Lumini Follow Me Home.
-Senzori Parcare Senzori Ploaie
Radio CD + USB + Intrare AUX
+ Bluetooth.
-Pilot Automat Volan Multifuncțional Jante Aliaj R17 Anvelope Iarna.
-Pachet Chrom Folie Omologata
Autorizata Llumar.
-Scaune Reglabile Pe Înălțime
Senzor Presiune Roți Tyre Pressure.
-Înmatriculat România
Unic Proprietar Acte La Zii.
-Accept Unele Variante La Schimb."
seat,Leon,3 900 €,1 994 cm³,170 CP,Diesel,Hatchback,225 000 km,Gri,2012,Manuala,"Seat leon FR 2.0 TDI 170 cai
An fabricatie 2012
Cutie manuala 6+1
Motorizare 2.0 TDI 170 cai
Norma de poluare Euro 5
Faruri Bi-Xenon
Volan multifuncțional FR
Computer de bord maxi dot
Oglinzi rabatabile electric cu încălzire
Trapa (perfect funcțională)
Navigație RNS 510 OEM
Dispozitiv pentru reglarea automată a vitezei tempomat
Geamuri acţionate electric faţă şi spate
Senzor de ploaie / lumină și presiune pneuri
Senzori de parcare APS - senzori acustici de parcare faţă/spate
Sistem control şasiu ASR (sistem de control al tracţiunii)
Închidere centralizată cu telecomandă
Masina se afla intr-o stare foarte buna atat mecanic cat si estetic, nu necesita investiții. Pentru mai multe detalii la numărul de telefon 072 zero nouă nouă șase 548
-NU sunt interesat de schimburi sau oferte de preț neserioase"
seat,Toledo,5 990 €,1 400 cm³,90 CP,Diesel,Berlina,218 800 km,Negru,2016,Manuala,"Seat Toledo negru 2016
Motor 1400 - 90 cp diesel
Rulaj 218800 km
Cutie de viteze manuala 5 trepte
Norma de poluare euro 6
Tractiune fata .scaune cu incalzire fata
Volan multifunctional piele
Sistem audio bluetooth + usb auxi
Computer de bord .geamuri electrice fata spate .oglinzi electrice si incalzite .senzori parcare pe spate .senzori de ploaie .start/ stop. Esp Asr
Jante aliaj 16 . roata de rezerva
Spalator faruri .cotiere fata /spate
Inchidere centralizata .
Stare foarte buna de functionare.
Pret 5990 euro"
seat,Leon,4 590 €,1 200 cm³,105 CP,Benzina,Hatchback,154 000 km,Negru,2012,Manuala,"Vand Seat Leon Copa din 2012 cu motor de 1,2 benzina 105cp Euro5 cutie manuala 6+1 viteze adusa recent in Stare Impecabila!
Dotari: Dublu Climatronic, Tempomat (PilotAutomat), Computer de Bord, Comenzi volan, Abs, Esp, Servo total, 6x Airbag, Senzor ploaie, Senzor lumini, 4x Geamuri electrice, Oglinzi electrice, heliomate si Incalzite + rabatabile electric, Start Stop la semafor, Mp3 CD Player original cu iesire Auxiliara, USB si Comenzi vocale, Volan reglabil si pe inaltime, Faruri reglabile electric, Spalator faruri, Scaune Sport multireglabile, Sistem Isofix, Jante Aluminiu, Proiectoare ceata, Geamuri Ionizate, Asistare Urcare Coborare Panta, Senzor Parcare Spate etc etc 154000 km originali, reali verificabili cu dovezi. Pentru cei interesati ofer Serie VIN pentru Verificare Istoric!
Masina este Recent Adusa in Stare Impecabila atat estetic cat si functional, fara elemente revopsite sau refacute, fara greseala, Merita vazuta si Incercata, Accept orice test! Pret 4590 euro negociabil la fata locului, NU FAC schimb!!!"
seat,Tarraco,23 900 €,2 000 cm³,150 CP,Diesel,SUV,93 500 km,Verde,2021,Manuala,"Unic proprietar vand Tarraco XCELLENCE 2.0 TDI 150 CP an 2021 iunie varianta FACELIFT  cutie de viteze manuala ( foarte fiabila , costuri mici de intertinere, consum redus ) 93500 km 100% reali. Cumparata de noua de la Porsche Vest Bucuresti . Masina a fost folosita 80% din km pe autostrazile din vestul Europei , pastrata in garaj si servisata la reprezentanta WV . Nu a fost implicata in nici un accident nu are daune sau elemente revopsite . Pretul de lista in 2021  cu tot cu numeroasele optionale adaugate 37750 de euro ! A nu se confunda cu varianta de baza Style fara optionale . Pretul este negociabil in limita bunului simt , va rog sa ma contactati telefonic pentru detalii suplimentare .
MOTIVUL VANZARII SUNT PROBLEMELE MEDICALE PE CARE LE AM !
Masina este echipata cu roti de iarna aproape noi Dunlop.
OFER GRATUIT !
- un set de anvelope de vara folosite o vara marca Pirelli .
- conectare la serviciu online cu aplicatia My Seat pana in 2027 luna Mai (serviciul asigura
conectarea online cu producatorul care trimite periodic upadate de sistemul de operare
upadate la harti , serviciu live trafic care permite evitarea ambuteajelor , acces prin aplicatie
online la masina , localizare masina etc )
SERIA  VSSZZZKNZMW015799
Dotari optionale:
-	 Alarma cu control habitaclu si senzor  inclinare
-	 Connectivity Box wireless pentru telefoanele mobile si
amplificator semnal GSM
-	 Pachet Iarna
-Scaune fata incalzite, cu control
separat
-Scaune spate incalzite, cu
control separat (nu si locul central)
-	 Pachet Safe & Driving L Front Assist, cu functie de franare in
caz de urgenta
-	Adaptive Cruise Control activ pana la
210 km/h
-	High-Beam Control
-	Lane Assist (sistem mentinere banda de
circulatie)
-	Side Assist (monitorizare unghi
mort)& avertizare trafic in spate
-	Pre Crash Assist & roll over Assist
-	 Parbriz incalzit (Climacoat)
-	 Sound System BeatsAudio  Amplificator digital cu 12 canale,
putere totala 340 W  10 difuzoare (inclusiv subwoofer)
-	 Top View Camera 360 grade
-	 Volan incalzit
-	 culoare: Verde (Camouflage Green)  LM tapiterie: Stofa/Alcantara, Negru/Negru
Selectie dotari de baza :
DAB (Receptor radio digital)
• Detector de oboseala
• Digital Cockpit (tablou de bord digital
cu ecran TFT de 10.25"")
• Directie progresiva
• Faruri Full LED
-Faza scurta&faza lunga cu tehnologie LED
-Reglare dinamica a distantei de iluminare
• Frane spate pe disc
• Full Link
/MirrorLink (compatibil cu smartphone cu
sistem de operare Android, de la
MirrorLink versiunea 1.1) Android Auto (compatibil cu smartphone
cu sistem de operare incepand cu Android 5.0)
- Apple CarPlay ( compatibil incepand cu Iphone 5 )
Jante aliaj Exclusiv 19"" 37/1, Anvelope 235/50R19
• Kessy (sistem acces si pornire/oprire
motor fara cheie)
• Lane Assist (sistem mentinere banda de
circulatie)
• Lumini ambientale fata (zona picioare)
• Lumini de semnalizare si Welcome Light
integrate in carcasa oglinzilor exterioare
• Lumini pentru citit fata si spate cu LED
• Oglinda retrovizoare interioara cu
reglare automata antiorbire
• Oglinzi exterioare actionate electric,
incalzite si pliabile electric cu Welcome Light
• Ornament cromat praguri logo XCELLENCE
iluminat
• Parasolare fata cu oglinda make-up
iluminata cu LED
• Park Assist (sistem de parcare automata,
senzori de parcare fata si spate)
• Podea portbagaj variabila
• Portbagaj actionat electric cu sistem
Easy Open (deschidere/inchidere prin
intermediul senzorului de miscare -
pedala virtuala)
• Proiectoare de ceata cu LED si functie
Cornering
Sistem Navigatie
-Sistem de navigatie cu touchscreen
color cu diagonala de 9.2"" (23.3 cm)
-Radio tuner FM
-2xUSB-C in fata si 1xUSB-C in spate
(numai cu functie de incarcare)
-Bluetooth (sistem pentru conectare
telefon mobil, streaming audio)
-Comanda vocala(nu in limba romana)"
seat,Toledo,1 800 €,2 000 cm³,140 CP,Diesel,Hatchback,268 000 km,Albastru,2006,Automata,"Vând Seat Toledo 2006
Proprietar de mai bine de 5 ani
Cutie automata
Motor 2.0 140 cp
Interior din piele
Clima pe două zone
Aer condiționat funcțional
Cauciucuri m+s în stare bună
Jante pe 17
Distribuție schimbata recent
Revizie filtre ulei făcută recent
Ulei in cutie schimbat
Mai multe detalii la telefon sau in privat"
seat,Leon,2 700 €,1 400 cm³,125 CP,Benzina,Hatchback,278 000 km,Verde,2009,Manuala,"Vand seat leon 1.4 benzina 125 de cai
Masina are mici defecte estetice specifice varstei ,ofer mai multe detalii la telefon celor interesati"
seat,Leon,6 200 €,1 400 cm³,122 CP,Benzina,Hatchback,214 000 km,Rosu,2014,Manuala,"Seat Leon model FR de fabrică Mașina este in stare perfecta, adusa acum din Germania, foarte multe opțiuni, km reali, accept orice test service.
Opțiuni:
Motor 1,4 Tsi benzina, euro 5, 122 cp
Cutie manuala 6 + 1 trepte
Navigație mare color
Dublu climatronic
Pilot automat
Computer de bord
Faruri led
Triple spate full led
Parktronic față și spate
Tapițerie piele + textil
Oglinzi rabatabile electric din cheie
Asistenta la plecarea din rampă
Senzori ploaie
Senzori lumini
Volan de piele cu comenzi
8 air-bag
Abs
Esp
Geamuri electrice fata și spate
Oglinzi reglabile electric și încălzite
Jante aliaj originale Seat pe 18
Alarma
Închidere centralizată
2 chei"
seat,Altea XL,4 550 €,2 000 cm³,170 CP,Diesel,SUV,237 000 km,Alb,2008,Manuala,"Se vinde masina personala, cu urmatoarele specificatii:
-motor 2.0tdi, manual, 170hp
-tractiune 4x4
-237000km reali (are toate documentele doveditoare)
-clima
-scaune fata incalzite
-faruri xenon adaptive
-cruise control
-geamuri electrice
-parbriz incalzit
-oglinzi heliomate
-perdelute geamuri spate
-bancheta rabatabila 40/60
-oglinzi rabatabile electric
-volan si schimbator imbracate in piele
-comenzi pe volan
etc etc.
Masina a fost adusa in 2019, din Germania, eu o am din 2023, folosita 90% in afara orasului, are distributia schimbata acum 500km, detin doua seturi de roti cu jante din aliaj, pe 17"", astfel: rotile de vara sunt cele din poze, cu anvelope noi Kleber Dynaxer HP4, dot 2024, rotile de iarna sunt cu jantele originale, cu anvelope Continental TS860.
Inmatriculata, se ofera fiscal.
Masina merge fara cusur, am folosit-o preponderent la pescuit si in concedii, iar in afara de cateva mici urme de uzura specifice la exterior, arata foarte bine, mai ales la interior."
seat,Leon,5 499 €,2 000 cm³,150 CP,Diesel,Break,330 000 km,Negru,2015,Manuala,"Seat Leon 2.0tdi 150 cai,2015,navi bluethoot MP3 pilot geamuri electrice clima scaune încălzite oglinzi electrice senzori parcare,de ploaie și de lumina,Spaloare faruri,cauciucuri de iarna ,proprietar ,schimbat kit ambreiaj +volanta cu factura de 5000km,accept unele schimburi la alt preț.O 7 patru opt cinci sase trei doi doi opt,necesita  parbriz."
seat,Leon,2 000 €,1 600 cm³,102 CP,Benzina,Hatchback,120 000 km,Gri,2005,Manuala,"Vand seat leon 1.6 benzina 2005.Starea generală a masinii este într-o stare foarte bună, bine întreținută și folosită cu grijă. Interiorul este curat, fără pete mari sau deteriorări semnificative. Exteriorul prezintă câteva urme normale de uzură pentru vârsta sa, dar nu are daune majore. Reviziile au fost făcute regulat, iar motorul funcționează lin și fiabil.se vinde cu inca 2 seturi de jante de magenziu cu cauciucuri de vara. Motorul 1.6 benzina pornește ușor și oferă o performanță decentă pentru uzul zilnic sau de navetă. Consumul este moderat, iar costurile de întreținere sunt rezonabile. Transmisia este manuală și schimbările de viteze se fac fără probleme.Pentru mai multe detalii/poze contactați."
seat,Toledo,4 950 €,1 600 cm³,105 CP,Diesel,Berlina,188 078 km,Alb,2015,Manuala,"Descriere
Climatronic
Pilot automat
Oglizi încălzite si reglaj electric
Volan piele multifuncțional
Jante aliaj originale
Proiectoare ceata
Inchidere centralizata
2 chei
Masina se prezinta in stare impecabila atat estetic cat si mecanic cu un consum foarte bun atat in interiorul orasului cat si in afara 3.5%-4.5-5%
Nu scoate fum se ofera fiscal in vederea inscrierii.
Mai multe detalii la fata locului"
seat,Leon,5 000 €,1 800 cm³,350 CP,Benzina,Hatchback,220 000 km,Gri,2002,Manuala,"Vand Seat Leon 1M
Putere : 350 cai
An : 2002
-Jante R 17 cauciucuri noi.
-Build stroker 2.0
-admisie big port
-Chiuloasa big port Aum
-Bloc AGU
-supape noi scaune și ghiduri.
-pistoane Wiseco 82 mm
-VVT plus lanț nou.
-biele Fcp bolt 20
-Arbore BAM
-cuzineti ACL
-bobine R8 NGK
-bujii bkr7e
-Motor refăcut si alezat cu toate piesele noi garnituri etc.
-Suspensie reglabila duritate și înălțime.
- Climatronic
- Pilot automat
- Oglinzi electrice si rabatabile electric
- 6 trepte
-ambreiaj nou placa+volant
- Computer de bord
- Toate geamurile electrice
- Volan reglabil pe inaltime
-ABS
-TCS
- Interior RECARO textil
-Turbo TD 04  19 T 2.4 Volvo MFS Făcut la turbo custom recent.
-Intercooler custom cu traseu 76 mm
-Downpipe 80 mm
-Evacuare custom 76 mm
-Pompa walbro 255
-Injectoare Bosch 440
-Intake Custom 76 mm
-Blow Off Forge
-Bara fata/spate FR
-Ceasuri FR
-Volan FR
-Ceas Boost
-Voltmetru digital
-Discuri 328mm
-Schimburi la zi.
-Fiscal Acte valabile.
-Schimb doar cu A6 C6 2.0 d.
Pentru orice detalii despre masina nu ezitati sa ma contactați. 07******74
Fac proba doar cu banii jos."
seat,Alhambra,15 000 €,1 968 cm³,184 CP,Diesel,Monovolum,281 000 km,Negru,N/A,Automata,"FR line
An 2016
4x4
DSG
Usi laterale electrice
Scaune cu masaj
Portbagaj electric
Webasto , incalzire auxiliara cu telecomda
Keyless Go
Scaune alcantara cu laterale din piele
Jante 18
Bi-xenon
Apple car/Androit auto
Spălător faruri
Navigație mare touchscreen
Senzori de presiune
Senzori parcare 360*+CAMERA
Senzori lumina
Senzori ploaie
Front assist/păstrează distanta
Lane assist/avertizare părăsire banda
Asistenta ieșire din parcare
Detectare oboseala
Volan piele multifuncțional cu padele
Pilot automat
Încălzire in scaune
Start/stop
Asistenta la plecarea din rampa
Stopuri pe LED
Geamuri electrice fata/spate
Plafon panoramic
Oglinzi încălzite și rabatabile automat
Toate reviziile făcute la zi, dețin carte service.
Mașină întreținută!"
seat,Ibiza,2 300 €,1 390 cm³,85 CP,Benzina,Hatchback,199 295 km,Rosu,2008,Manuala,"Vând Seat Ibiza din 2008, motor 1.4 benzină, mașină îngrijită și foarte ușor de condus. Ideală pentru oraș și pentru începători, perfectă pentru o femeie datorită dimensiunilor compacte și manevrabilității foarte bune.
Are geamuri electrice față, consum redus și funcționează impecabil. Interior curat, întreținut. Ofer două seturi de anvelope: iarnă + vară.
Mașina pornește, merge și frânează foarte bine, nu bate, nu troncăne, poate fi folosită imediat fără nicio investiție.
Prețul este negociabil.
07**********00"
seat,Altea XL,2 350 €,1 900 cm³,115 CP,Diesel,Berlina,265 000 km,Gri,2008,Manuala,"Seat Altea XL 1.9tdi 2008
Masina se prezinta intro stare buna,nu necesita nici o investitie in viitoru apropiat.
Acte valabile
Fiscal
Dotari:
-Clima
-Geamuri electrice
-Oglinzi electrice
-Jante aliaj
-Comenzi volan
-Pilot automat
Si multe altele…."
seat,Toledo,6 700 €,1 600 cm³,115 CP,Diesel,Berlina,114 000 km,Alb,2016,Manuala,"Mașina se prezintă impecabil, întreținută corespunzător, fără probleme.
Proprietar persoană fizică.
An de fabricație: 2016
Kilometraj: 114.000
Motorizare: 1.6 tdi 115CP
Transmisie: manuală -  5 trepte
Norma poluare: EURO 6
Tracțiune față
Consum: 5-6/100km mixt
SERIE ȘASIU: VSSZZZNHZG1007856
Climatronic automat pe o zonă
Scaune față încălzite
Volan multifuncțional, piele
Sistem audio+bluetooth+USB+AUX
Computer de bord
Pilot automat
Geamuri electrice(față)
Oglinzi electrice și încălzite
Senzori parcare spate
Cornering proiectoare
Start/Stop, ESP, ABS, ASR
Jante aliaj 16
Interior textil
Cotieră față/spate
Spații depozitare ochelari
Cup holder față/spate
Închidere centralizată
Roată de rezervă
Plasa/sac suport portbagaj
2 chei originale
Spălătoare faruri
Comenzi vocale
Revizii la zi
Plus un set de jante cu cauciucuri de iarna.
Accept orice test masina se prezinta impecabil!
La mașina s-au schimbat următoarele:
Kit distribuție la 110.000
Plăcuțe frana
Schimbul de ulei
Baterie"
seat,Leon,2 550 €,1 900 cm³,105 CP,Diesel,Hatchback,254 000 km,Albastru,2006,Manuala,"Vând Seat leon 1.9 tdi 2006
La ea a fost schimbat
Turbina recondiționată
Furtunul egr schimbat nou + altele
Details
4 geamuri electrice
Jante pe 17R
km 254.000
Cauciucuri noi nouțe de iarnă
Navigație  fuctionala
Trepte 5+1
Încălzire în scaune
Camera marșarier
Oglinzi încălzite /electrice
Pilot automat
Dublu climatronic
Folii spate omologate
Senzori ploaie
Volan/scaun reglabil înălțime și distanța
Faruri automate
Suport pahare
Mașina nu mai are nevoie de nicio investiție la motor
Are puține defecte la estetic vopseaua puțin sărită și ciupită și puțină rugină la lunetă  lacul sărit de pe plafon și în spate la portbagaj puțin
*Masina nu are asigurare*
Itp valabil pana in iunie 2026
Fiscal pe loc"
seat,Leon,3 999 €,1 900 cm³,150 CP,Diesel,Hatchback,304 000 km,Gri,2005,Manuala,"Motor 1.9 tdi arl 150 cp
An fabricatie 2005
Km: 304.000
Dotari:
-Pachet full FR
-Suspensie sport reglabila
-Interior piele full electric
-Trapa
-Incalzire in scaune
-Oglinzi electrice
-Interior intretinut
-Subwoofer Alpine
-Jante R17 cu anvelope m+s in stare foarte buna
-Praguri schimbate pe ambele părți
-Tinichigerie refăcută complet, fără rugină
-Ceară aplicată în aripi, praguri și pe dedesubt -protecție anticorozivă de lungă durată
-Curățată integral pe sub mașină și protejată cu ceară
Schimbate recent :
-discuri placute si etrieri pe spate
-Parbriz
-Curea de accesorii si intinzator
-Alternator
Masina este foarte intretinuta
Raport CarVertical Verde
Itp si asigurare valabile
Pentru mai multe detalii si poze mesaj pe WhatsApp
Pret usor negociabil"
seat,Leon,5 750 €,2 000 cm³,170 CP,Diesel,Hatchback,263 400 km,Negru,2012,Manuala,"Schimb cu :
-Motocicleta, an de fabricație incepand cu 2022, minim 115cp, maxim 15000 km.
Plătesc diferența până la 3500€
Seat leon fr 2.0 tdi 170 cp
Bi xenon adaptive cornering
Navigație conexiune Bluetooth
Aer condiționat dublu climatronic
Comenzi volan
Pilot automat
Scaune încălzite
Senzori Lumini
Senzori ploaie
Senzori parcare fata-spate
4 geamuri electrice
Oglinzi electrice si rabatabile
Jante aliaj R18
Proiectoare ceata
Distributie, ulei și filtre schimbate acum 3000 km
Masina se prezintă într-o stare bună atât tehnic cât și estetic."
seat,Ibiza,1 200 €,1 900 cm³,64 CP,Diesel,Hatchback,170 000 km,Albastru,2005,Manuala,"Seat Ibiza 1.9 – 2005 – 176.000 km – În stare foarte bună
Vând Seat Ibiza 1.9 diesel, an 2005, cu 176.000 km reali, întreținută foarte bine, perfectă pentru cei care caută o mașină economică, fiabilă și ușor de întreținut.
Detalii și dotări:
Motor 1.9 – consum redus, fiabil și puternic
176.000 km – rulați fără probleme
Geamuri electrice față
Aer condiționat funcțional
ITP recent, valabil
Mașina arată bine, interior curat, fără rugină
Întreținută cu responsabilitate, nu necesită investiții
Ideală pentru oraș sau drumuri lungi. Pornire la sfert, economică și pregătită de drum!"
seat,Leon,10 990 €,1 598 cm³,115 CP,Diesel,Hatchback,84 300 km,N/A,2019,Manuala,"TOP AUTO TRANSILVANIA oferă spre vanzare :
Model mașina :Seat Leon //Rate//
Preț :10990€
Rate începând de la :280€
Motorizare :1.6TDI 115cp
Transmisie:manuala
An fabricație : 2019
Km garantați:84300
Garanție:12 luni
Serie șasiu : VSSZZZ5FZKR063538
Pentru mai multe poze ne puteți contacta la
numărul :
-07******12
-07******08
Se emite factura cu TVA deductibil!
Plata se face in Lei la Cursul BT!
Pentru mai multe modele accesați :
https://topautotransilvania.olx.ro/
https://topautotransilvania.ro
Opțiune de finanțare prin partenerul nostru TBI Bank, rate fixe cu posibilitatea de plată în avans încă din prima lună. Se acceptă venituri din Diurne, venituri din străinătate, PFA, contracte de închiriere, maternitate, dividende. Aprobare rapidă doar cu buletinul!!
Dotările masini:
ABS
Aer condiţionat automat
Airbag-uri faţă, lateral şi altele
Alarm system
Apple CarPlay
Arm rest
Autom. dimming interior mirror
Bluetooth
CD player
Computer de bord
DAB radio
Distance warning system
Emergency call system
ESP
Faruri de ceaţă
Front wheel drive
Geamuri electrice
High beam assist
Hill-start assist
Moduri de condus
Isofix (puncte de prindere a scaunului pentru copii)
Închidere centralizată
Jante de aliaj
Leather steering wheel
LED headlights
Lumini diurne
Manual de service
Oglindă laterală electrică
Regulator de viteză
Senzor de lumini
Senzor de ploaie automat
Servodirecţie
Set pentru mâini libere
Sistem de avertizare la părăsirea benzii
Sistem de control al tracţiunii
Sistem de navigare
Sistem de pornire/oprire automată
Şine portbagaj plafon
Tuner/radio
Tyre pressure monitoring
Volan multifuncţional
Km garantați și justificati cu cartea service si facturi de întreținere și trecuți pe factura de achiziție !
Masina a fost foarte bine întreținută și rulează perfect !
//Finantare//Buy-Back//Factura//Km Garantati //Revizie Efectuată//Test Drive
Finantam:
*persoane cu ISTORIC NEGATIV IN BIROUL DE CREDIT
*venituri din STRAINATATE (CONTRACT DE MUNCA, DIURNE, COMUNITATE
Locația noastră se afla in Cluj-Napoca centura Apahida chiar lângă benzinăria OMV , intrarea se face din strada Sub Coasta
* Top Auto Transilvania depune eforturile necesare pentru ca informaţiile oferite în anunţurile postate să fie corecte şi actuale.
Top Auto Transilvania nu isi asuma raspunderea pentru eventualele erori neintentionate sau accidentale."
seat,Leon,1 900 €,N/A,N/A,Diesel,Hatchback,249 000 km,Negru,2007,Manuala,"Vând Seat Leon 2.0 TDI 170cp pachet FR de fabrică, anul fabricației 2007
Dotări:
Dublu klima-tronic
Cruise control
Comenzi pe volan
Faruri cu lupă și xenon
Jante aliaj cu anvelope de iarnă în stare bună
Se oferă fiscal
*Probleme turbo, se plafonează*
Preț : 1900€ Negociabil"
seat,Leon,5 950 €,1 600 cm³,105 CP,Diesel,Break,245 000 km,Negru,2014,Manuala,"Seat Leon 1.6 TDI Style Advance– 2014 – Full LED – Schimbat distribuție ulei,filtre recent.245000km ,adus recent din Belgia .
Dotari principale:
•	Faruri si stopuri Full LED
•	Climatronic automat 2 zone
•	Jante aliaj 16” cu anvelope de iarna
•	Proiectoare ceata cu functie cornering
•	Geamuri electrice fata + spate
•	Oglinzi electrice, pliabile si incalzite
•	Cruise control (pilot automat)
•	Senzor lumina si ploaie
•	Computer de bord
•	Sistem audio SEAT Media System
•	Navigatie profesionala cu Bluetooth / USB / AUX / Hands-free
•	Cotiera fata
•	Isofix (scaune copii)
•	Incalzire in scaune
•	ABS / ESP / ASR
•	6 airbaguri
•	Lumini ambientale
Date tehnice:
•	An fabricatie: 2014
•	Motor: 1.6 TDI – 105 CP
•	Cutie: Manuala cu 6 trepte
•	Tractiune: Fata
•	Norma de poluare: Euro 5
•	Consum mixt: ~4.5 l/100 km
Mai multe detalii la telefon.asigur transport !"
seat,Leon,5 200 €,1 598 cm³,110 CP,Diesel,Hatchback,251 566 km,Alb,2012,Manuala,"Rate Auto Fără Avans
Seat Leon
Import recent
Motor 1.6 Diesel
Km 251566
Fabricatie 2012
Navigație
Bluethoot Telefon
Dublu climatronic
Senzori parcare cu afișajul
Pachet lumini
Volan din piele
Torpedou cu refrigerare
Bluethoot audio și telefon
Oglinzi Rabatabile electric și încălzite
Senzori de lumina + Ploaie
Anvelope Iarna
Se oferă în prezenta clientului o revizie în service ul nostru partener (ulei și filtre)
Deasemena la cererea dvs ii putem schimba și kit ul de distribuție
Se emite factura cu km mentionati
Certificat fiscal cu viza Remtii
Autoturismul a fost verificat mecanic si pe diagnoza
Stare technica și estetică ireproșabila
Mai multe poze și video puteți solicita prin WhatsApp
vizitiati și AUTO KTS pe FB"
seat,Mii,6 490 €,999 cm³,60 CP,Benzina,Hatchback,72 000 km,Alb,2017,Manuala,"Seat Mii White Edition
Motorizare : 999 cmc, euro 6, 60 Cp
Cutie manula 5+1
Km reali: 72000 - se trec in factura
Geamuri electrice
Computer de bord
Radio/Cd, USB, Auxiliar
Aer conditonat
Lumini de zi
Carte service
Masina se prezinta foarte bine din toate punctele de vedere, totul perfect functinonal.
Kilometri putini, ideala pentru oras, naveta, consum mic de combustibil, foarte bine intretinuta.
Import Germania.
Are cartea de identitate RAR.
Auto se vinde cu garantie inclusa 1 an de zile."
seat,Leon,8 990 €,1 395 cm³,150 CP,Benzina,Hatchback,180 000 km,Gri,2016,Manuala,"import Germania
model FR
1,4 benzină 150 cp
4 cilindri
cutie 6 viteze
Euro 6
An de fabricație 05/2016
Dublu Climatronic
Navigatie funcționela în Ro
Full LED față, spate
semnalizare LED
Faruri LED Crystal
Volan FR din piele cu comenzi
scaune sport
incalzire in scaune
Pilot automat
Full Link
telefon integrat prin bluetooth
oglinzi electrice rabatabile l‐a buton
radio cu Multimedia
Cotiera fata
proiectoare de ceata
Cornering
Buton selectare mod de condus
senzori de ploaie și lumini
Senzori parcare, față , spate
anvelope de iarna, ofer si jante de aluminiu pe 17 originale cu anvelope de vară
km garantati 180000
Carte service
se poate achiziționa și în Rate prin Tbi Bank
serie sasiu VSSZZZ5FZGR135491
are nr de Germania pana la 19.12
stare f buna de funcționare, testata 2000 km!
factura fiscala!
motor fiabil, distribuție pe curea!
garanție!
nu fac schimburi!"
seat,Altea XL,4 299 €,N/A,N/A,Benzina,Break,210 000 km,Gri,2011,Manuala,"~~ Seat Altea XL ~~
Rar Efectuat
~ An fabricatie: 2011
~ Km: 210.000
~ Norma de poluare: Euro 5
~ Cutie de viteze manuala 6+1
—1.2 benzina
*Pret Fix!
• Masina se prezinta in stare foarte buna,atat tehnic cat si estetic !
* Descrierea autovehicului este strict informativa, pot exista greseli umane de tipar (optiuni, performanta a motorului, capacitate cilindrica, transmisie, kilometraj etc)
• Dublu climatronic
• Geamuri electrice
• Oglinzi electrice/rabatabile
• Navigatie
• Computer de bord
• Pilot automat
• Incalzire in scaune
• Cotiera fata/spate
• Volan imbracat in piele
• Comenzi pe volan
• Ecrane in tetiere DVD
• Senzori de parcare fata/spate
• Senzori de lumina
• Senzori de ploaie
• Senzori presiune roti
• Faruri cu Xenon
• Spalatore de faruri
• Jante de aliaj
• Cauciucuri de iarna
• Carlig de remorcare
- Interior curat fara rupturi
- Exterior in stare foarte buna,fara rugina
- Motor,cutie de viteze stare perfecta !
Pentru mai multe detalii sunati la numarul de telefon afisat !"
seat,Leon,6 950 €,1 200 cm³,105 CP,Benzina,Hatchback,191 000 km,Maro / Bej,2014,Manuala,"• 6.950 € ( usor negociabil )
• Seat Leon TSI
• 1.2 Benzina (105 CP) Euro 5
• Model 2014
• Import Olanda
• Cutie De Viteza Manuală
• 191.000 km
• Achizitie CASH / RATE / BUY-BACK
Dotări:
•⁠ 4 x Geamuri Electrice
•⁠ Comenzi pe volan
•⁠ Sistem Dublu Climatronic
•⁠ Proiectoare ceata
•⁠ Faruri Led Fata/Spate
•⁠ Faruri automate
•⁠ Oglinzi rabatabile si reglabile
•⁠ Radio/CD
•⁠ Sistem ABS/ESP
•⁠ Computer Bord
•⁠ Volan piele
•⁠ Inchidere centralizata
•⁠ Senzori ploaie/lumina
•⁠ Sistem ABS/ESP
•⁠ Jante Aliaj
•⁠ Cârlig de remorcare
•⁠ Pilot Automat
•⁠ Interior din Piele
•⁠ SEAT Media-System Touch Colour
•⁠ Priză (conexiune 12V) față
•⁠ Sistem de asistență pentru șofer: Asistent pentru pornire în rampă și Blocare electronică a diferențialului
•⁠ Consolă centrală cu cotieră centrală, suport pentru pahare, cutie de depozitare și orificii de aerisire în spate
•⁠ Sistem Start/Stop
•⁠ Sistem de asistență la condus: Asistent la pornirea din rampă
•⁠ Asistent de frânare
AVANTAJELE PARCULUI NOSTRU:
* Transport gratuit la domiciliu in judet si zonele invecinate
* Posibilitate de livrare in toata tara prin partenerii nostri
* Finantare 100% online sau direct in locatia noastra
* Rate fixe cu sau fara avans doar cu buletinul pentru persoane fizice
* Garantie 12 luni pentru motor si cutie
* Kilometraj verificat si certificat
* Posibilitate test drive pentru orice masina, legal cu numere de proba
* Video si poze extra la cerere cu masina dorita
* Asistenta pentru RAR si inmatriculare
Ne gasiti in Sanmartin , Str. Stefan cel Mare , Nr 121, Bihor 417495
PROGRAM:
Luni - Vineri: 09:00-17:00
Sambata: 10:00-14:00
Duminica: INCHIS
Nu ai gasit masina dorita in stocul nostru ?
Contacteaza-ne prin OLX, Whatsapp sau la numerele de telefon si o aducem la comanda!
!Atenție: Informațiile pot conține inadvertente. Pentru orice nelamurire sau intrebare in legatura cu autoturismul, va rugam sa ne contactati."
seat,Leon,3 199 €,1 399 cm³,122 CP,Benzina,Hatchback,250 921 km,Negru,N/A,Manuala,"Seat Leon 1P  Style 2009 1.4Tsi
An Fabricatie:11.2009
Motor :1399cc 122cp
6+1 Trepte de viteza
Km :250.921 (carte service la zi)
Raport NAP si dovada Apk certifica nr de Km
Ulei si Filtre schimbate la 250.601/noiembrie 2025
Asigurare si numere valabile!
Numere rosii valabile pana la 29.12.2025 apoi se mai poate lua inca un set de nr pe 30zile!
Dotari:
Navigatie cu Toutchscreen Pionner
Car-Kit Bluetooth cu functie de apela vocala si steeming direct de pe telefon
8 Difuzoare HERTZ
Aer Conditionat Climatic(Functioneaza Perfect)
Geamuri Electrice
Oglinzi electrice cu incalzire
Volan de peiele cu Comenzi
Pilot automat
Senzori parcare spate
Jante aliaj R16 cu anvelope de Vara Fulda
Proiectoare ceata
Day-line Running
Faruri cu lupa
Inchidere centralizata (2chei)
Technic si estetic in stare perfecta !functioneaza si arata perfect!NU are rugina!
Nu sunt interesat de nici un fel de schimb!!
Detin Raport Car-vertical si Raport Nap din olanda !!Km sunt reali iar masina nu a fost impicata in Nici un eveniment!"
seat,Leon,5 499 €,1 598 cm³,105 CP,Diesel,Hatchback,N/A,N/A,2014,Manuala,"Seat Leon 5F1 - Style Advanced Edition
Motorizare: 1.6 TDI CR DPF – 105 CP – Diesel
Faruri Matrix LED + lumini LED de zi
Sistem multimedia cu navigație RO, Bluetooth, USB, AUX, SD
Climatronic pe 2 zone
Volan multifuncțional îmbrăcat în piele
Oglindă interioară electrocromată
Pilot automat / Limitator de viteză
Sistem Start-Stop
Senzori parcare spate
Senzor lumină/ploaie
Sistem monitorizare presiune roți
Jante aliaj originale SEAT 16""
Anvelope vară Goodyear
Anvelope iarnă Michelin
Geamuri electrice față/spate
ESP / ABS / ASR / Hill Assist
Oglinzi electrice și încălzite
Computer de bord color
Comenzi vocale
Istoric și stare tehnică:
Număr de proprietari: 1
ITP valabil până la 17.01.2025
Kilometraj: 321.387 km
Revizii efectuate la timp (exclusiv ulei Liqui Moly 5w30 + filtre Mann/Mahle schimbate recent)
Distribuția (curea, role, pompă apă, curea accesorii) înlocuită la 285.000 km
Mașină personală, condusă îngrijit, fără accidente (caroseria prezinta imperfectiuni), interior curat, fără uzură. Ideală pentru oraș și drumuri lungi, cu costuri reduse de întreținere și fiabilitate dovedită.
Tranzacția se finalizează cu eliberarea contractelor de vânzare-cumpărare și a certificatului fiscal.
Nu sunt interesat de schimburi.
Preț ușor negociabil doar la vizionare.
Se poate verifica oriunde dorește cumpărătorul (reprezentanță, service autorizat)"
seat,Alhambra,11 650 €,1 968 cm³,177 CP,Diesel,Monovolum,250 000 km,Maro / Bej,2015,Automata,"Seat Alhambra
an fabricatie 2015
motor 2.0 tdi 177 cp,Dsg 6 trepte
7 locuri
xenon adaptiv,schimba automat faza lunga- scurta,spalatori faruri,proiectoare ceata
semzori parcare fata-spate
senzori lumini si ploaie
oglinzi incalzite,el si retractabile
4× geam el
2× chei briceag
volan piele perforata,cu comenzi volan si padele
dublu climatronic-clima independenta spate
serocou webasto
incalzire scaune fata
navigatie color ,camera marsalier
cirlig remorcare demontabil
usi culisante electrice
haion electric
geamuri colorate
jante aliaj 17
10 airbag
recent inmatriculata,
revizie efectuata( distributie,curea pompa ulei,ulei motor si cutie,volanta noua,placute fata spate,bucse bascule fata,unghi de fuga)
vopsea originala fara rugina
km absolut originali accept orice test sau service autorizat!
accept si variante auto!
pt mai multe detalii la tel"
seat,Ibiza,2 590 €,1 198 cm³,75 CP,Benzina,Hatchback,5 900 km,Rosu,2008,Manuala,"*SEAT IBIZA*
Un singur proprietar in carte !
Culoare Deosebita !
Nu a fost implicată in accidente !
Nu are rugina !
Este impecabilă
ATENȚIE!
*NU NECESITA INVESTITI!
*Din punct de vedere tehnic este impecabila!
*Estetic 10:/10 este impecabilă!
*Articulatie recent schimbata
*Merge foarte bine
*Motor 10/10
*cutie 10/10
•Masina a fost intreținută in mod regulat toate schimburiile si reviziile au fost efectuate la 7-8000km
•Masină de familie care nu te lasa in drum !
•59.000KM reali si verificabili !
Cumpărată din reprezentantă!
Seria de șasiu in anunț pentru verificarea kilometrilor !
Mașina este ca și nou !
A fost ținuta mai mult in garaj
•Motorizare de 1.2 Benzina , ce dezvolta75cai  putere , acest motor este recunoscut ca fiind cel mai bun si fiabil motor
Consum foarte mic de carburant
600-700 de km cu un Full de benzina
•Cutia de viteza Manuala 5+1 trepte
Norma de poluare Euro 4 nu se percep taxe
Nu are Rugina !
Nu are scurgeri sau pierderi de fluide !
Fiscalul se elibereaza in momentul vanzari !
Nu deranjati inutil !
Dotări
Ac
Servo direcție
2xkey
ABS
ESP
Oglinzi electrice
Computer de bord
Geamuri electrice"
seat,Leon,14 290 €,2 000 cm³,150 CP,Diesel,Break,230 000 km,Gri,2020,Automata,"Seat leon 2020.06
Edition limitată FR
2.0 150 cai
Mașină luată de la privat din Germania
2 chei
BORD virtual cokpit
Full Matrix full Led
Lumini ambientale
Jante aliaj r18 cu anvelope de vara Dunlop 2024
Distribuție schimbata in martie 2025
Interior piele Alcantara
Scaune sport
Dublu climatronic
Plafon panoramic
Nu are nici o zgarietura
Volan sport
Padele F1
Nici o daună pe car vertical si in reprezentanta
Praguri luminate
Pe praguri are țipla de nouă
Franeaza singură
Navigație
Oglinzi electrice rabatabile încălzite
Parbriz încălzit
Sistem audio Audison Prima
Cameră masalier
Sistem iso fix
Ofer serie șasiu raport car vertical la cerere
7 +1 trepte schimba perfect
Pachet FR  .
Proiectoare ceata
Tzol valabil pana in 4 12 2025
Km reali acte doveditoare
Mai multe detalii la telefon"
seat,Ibiza,4 300 €,1 200 cm³,75 CP,Diesel,Break,228 000 km,Negru,2014,N/A,"Preț: 4.300 € (negociabil)
An fabricație: 2014
Motorizare: 1.2 TDI diesel – extrem de economică (~4 l/100 km)
Cutie: Manuală
Kilometraj: 228.000 km (cumpărată la 213.000 km făcuți în Olanda – istoric cunoscut).   Țară de proveniență: Olanda (adusă personal, neînmatriculată – înmatriculată de mine în România)
•	Motor mic, fiabil și foarte economic
•	Consum mic – ideală pentru oraș sau drumuri lungi
•	Caroserie în stare bună, fără rugină
•	Reviziile efectuate la timp
•	Vine cu două seturi de jante – jante de aliaj + jante suplimentare din aliaj incluse în preț.
Mașina este în stare bună, folosită cu grijă și fără probleme majore. Am adus-o din Olanda cu 213.000 km și am fost primul proprietar în România. Este o mașină de familie fiabilă spațioasă și cu un portbagaj spațios , o mașină cu un consum bun și în oraș și drum lung , ideal Bolt / Uber .
Număr telefon: 07******97"
seat,Leon,5 500 €,N/A,260 CP,Diesel,Hatchback,N/A,N/A,N/A,Manuala,"NU SCHIMB CU NIMIC!!!
Se vinde Seat Leon FR 2007 BMN 260cp
Mașina dispune de mai multe modificări, timp și bani investiți, vă rog să nu veniți cu oferte aberante, nu mă grăbesc să o vând.
Swap injectoare siemens-bosch
Intercooler S3 - trasee inox
Downpipe 76
Admisie 76
Filtru ramair
Turbina BMW 2260
Senzor Map 4bar
Ceas boost 3bar
Evacuare cu clapetă pe telecomandă la jumătate
Suspensie AP racing
Tipsuri Akrapovic
Cutie Passat CC facelift ( trepte lungi )
Navigație CarPlay
Interior Audi A5 S-Line piele și textil
Volan Seat Leon 1p Facelift
Plafon negru
Trimuri vopsite negru lucios
Haion Seat Leon 1p Facelift
Fustă bară spate custom ieșire pe stânga cu finala activă
Jante BBS CH-R r18 recondiționate, îndreptate și vopsite electrostatic în urmă cu o săptămână
Faruri custom Bi-Led
Subwoofer
Mașina are recent făcute schimburile de ulei filtre, distribuție, kit ambreiaj, discuri plăcuțe față spate, totodată are semne specifice vârstei.
Foarte probabil să fi omis multe alte chestii, aștept mesaje privat."
seat,Leon,13 500 €,2 000 cm³,116 CP,Diesel,Hatchback,85 000 km,Rosu,2021,Manuala,"Seat Leon, echipare Style, 2.0 D, 85.000km
Bord digital, Acc, Navigatie, Camera, senzori parcare fata spate, clima pe 3 zone.
Faruri led, drl led, stopuri neon/led.
Dotari generoase, stare buna, fara defecte, fara accident.
Nerulata si neinmatriculata in Romania"
seat,Exeo,3 899 €,1 996 cm³,143 CP,Diesel,Berlina,340 000 km,Gri,2011,Manuala,"Seat Exeo ST
•An fabricatie 2011
•Motor 2.0 TDI
•Putere 143 cai
•Cutie viteze manuala 6 trepte
•Norma poluare Euro5
Dotari
•Interior de piele crem
•Trapa
•Climatronic
•Bord computer
•Tempomat
•Geamuri electrice
•Senzori ploaie/lumina
•Comenzi pe volan
•DRL
•Bi-xenon si stopuri LED
•Senzori parcare fata/spate
•Spalatori faruri
•Sistem multimedia
•Cotiera fata/spate
•Jante aliaj vara + iarna
Masina este adusa din germania in anul 2021 , unic proprietar."
seat,Leon,5 999 €,1 560 cm³,110 CP,Diesel,Break,236 998 km,Gri,2015,Manuala,"Seat Leon -
Euro 5 !!
Diesel
1.6 Tdi 110 Cp
Cutie viteze manuala 6+1
Navigatie 3 d tv dvd sd card
Computer bord
Halogene ceata
Navigatie mare cu touchscreen
Bluetooth
Aux in, media in, sd card
Apple car play
Distronic plus - mentine distanta si franeaza singura
Lane assist - mentine banda singura
Sign assist - recunoaste semnele de circulatie
Volan din piele cu comenzi multifunctionale
Pilot automat
Climatronic dublu cu afisaj
12 x airbag-uri
Comenzi vocale
Tempomat
Bord frigorific
Senzori presiune anvelope
Senzori ploaie lumina
Camera faza lunga scurta
Geamuri si oglinzi electrice automate
Oglinda interioara antiorbire
Oglinzi rabatabile
Jante aliaj originale cu anvelope noi de iarna
Stopuri cu led
Senzori parcare  cu afisaj
2 chei
import Olanda
Stare foarte buna
Rent Adus
Nerulat RO
Km reali
Carte service
Ofer raport Carvertical"
seat,Leon,4 390 €,1 896 cm³,105 CP,Diesel,Hatchback,223 000 km,Alb,2009,Manuala,"De vanzare Seat Leon 1.9 diesel facelift Aero
Motorizare 1.9 BXE 105 CP cunoscut pentru fiabilitate
223.000 km
An fabricație: 2009 Facelift
Faruri automate
Dublu Climatronic
Cutie de viteze 5+1 trepte
Senzori de ploaie/lumini
Proiectoare ceață
Follow me home
Leaving home
Geamuri electrice
Oglinzi reglabile și rabatabile electric
Oglindă interioară heliomate
Senzori de parcare spate
Volan în 3 spițe
Comenzi volan funcționale
Auxiliar/Usb
Casetofon MP3
Interior FR
Cornering
Echipare pachet AERO
Praguri AERO
Bară Față/Spate Aero
Tipsuri evacuare în 2 ieșiri
Evacuare stock
Eleron
Stopuri noi cumpărate fără defecte
Jante R17 echipate cu anvelope iarnă
Kit roata rezervă
Covorașe sport FR
Suport pahare
Computer de Bord
Senzori centuri
Isofix
Reglaj electric al farurilor
Interior curat si ingrijit
Consum redus de combustibil
Mașina beneficiază de baterie nouă
Discuri/plăcuțe frâna noi
Vehicul neînmatriculat în România
Nu s-au scos numere roșii
Stopuri LED achiziționate
La cerere, pot achiziționa stopuri originale pentru a monta pe mașina
Se poate vedea în Sighișoara"
seat,Leon,2 700 €,1 598 cm³,N/A,Diesel,Hatchback,230 000 km,Alb,2010,Manuala,"Vand urgent Seat Leon 1.6 Diesel 2010
Rulaj: 230.000 km
Masina se vinde impreuna cu doua seturi de jante.
Detalii extra in privat.
Pretul nu este negociabil."
seat,Alhambra,7 950 lei,2 000 cm³,177 CP,Diesel,Break,250 000 km,Negru,2012,Manuala,"Seat Alhambra 2.0 tdi 177 cp Euro 5 ! 2012!
Recent adus import germania numere zoll valabile 30zile!
Motor 2.0Diesel 177 cp
An fab 2012
Cutie de viteze manual 6+1
Km 250.000 100% originali
7 locuri !
Navigatie
Dublu climatronic
Incalzire in scaune
Interior full piele
Scaune full electeice si memori!
Panoramic!
Carlig remorcare electric
Senzori de parcare fata spate cu afisaj +camera masalier
Parc assist (parcheaza singura)
Portbagaj electric
Usi laterale electrice
Bixenon adaptiv
Etc.. masina este full!
Masina se afla intro stare perfecta ! Accept ori ce test !
Pret 7950€ negociabil
07_42__323-_913"
seat,altul,1 300 €,2 001 cm³,115 CP,GPL,Berlina,280 000 km,Verde,2000,Manuala,"Mașina are toate actele in regula.
Butelia valabilă până în 2031. Revizie la gaz și ITP făcută de câteva zile. Consum gaz și benzina până în 8 la sută . Se vinde cu fiscal"
seat,Leon,4 300 €,1 968 cm³,170 CP,Diesel,Hatchback,179 000 km,Negru,2008,Manuala,"Seat Leon FR 1P
Motorizare : 2.0 TDi ( 170cp )
Cod motor: BMN
An de fabricație : 2008
Cutie de viteze : manual 6+1
Norma de poluare EURO 4
Înmatriculat România
179000 km reali, justificabili
Am achizitionat alta masina, deci aceasta nu mai e folosita, de aici si motivul vanzarii.
Masina intretinuta, alimentata doar cu motorina premium Rompetrol, service-uri efectuate la termen.
Jante Borbet 18'
Arcuri sport H&R
Pachet interior/exterior FR de fabrica
Pilot automat
Climatronic
Oglinzi electrice si incalzite
Volan sport + comenzi pe volan
Computer de bord
AUX audio (intrare jack)
Inchidere centralizata
Follow me home
Senzor presiune roti
ITP valabil pana in Februarie 2026
Detin istoric service + carte service
2 chei, una cu telecomanda, una normala
2 seturi anvelope: premium de vara (GoodYear F1 x2 + Michelin PS4 x2), mid-range de iarna; ambele seturi au 2 sezoane, stare foarte buna
Schimbate recent: discuri+placute fata+spate, amortizoare fata, bateria
Revopsita total pe CASCO pentru a repara diverse defecte acumulate de-a lungul timpului (nu a avut dauna), de aici si starea foarte buna la exterior."
seat,Leon,7 000 €,1 395 cm³,110 CP,Benzina,Break,218 000 km,Negru,2018,Automata,"Leon 3 (2018) 1.4 TGI CNG – Economic și Fiabil!
An fabricație: 2018
Motorizare: 1.4 TGI (benzină + CNG)
Kilometraj: 218.000 in crestere
Cutie de viteze: Automată
Datorită instalației CNG de fabrică, costurile cu carburantul sunt mult mai mici.
Dotări:
•	Climatizare automată pe 2 zone
•	Sistem multimedia cu ecran tactil
•	Senzori de parcare spate
•	Pilot automat
•	Jante din aliaj cu cauziucuri de iarna Dot 2024
•     Suport pahare fata
•	Comenzi volan
•     Frana de mana electrica si automata
•     Oglinzi incalzite si reglabile electric
•     Auto Hold
Mașina este bine întreținută, interior curat, fără probleme tehnice, nu consuma ulei, cutia schimba bine. Schimbul de ulei si filtre efectuat recent
Pret:7000€ negociabil"
seat,Ibiza,4 649 €,1 198 cm³,105 CP,Benzina,Berlina,179 520 km,Gri,2013,Manuala,"Seat Ibiza 1.2 TSI 105 CP
Fab 2013 Euro 5
Distribuție pe lanț!!!
Climatronic
Xenon original Seat
Faruri cu Led
Triple cu Led spate
Jante Aliaj cu anvelope vară
Geamuri electrice
Oglinzi electrice și încălzite
Bord computer
Pilot automat
Spălătoare faruri
Proiectoare de ceata
Senzori parcare spate
Senzori presiune roti
Volan din piele
Volan multifuncțional
Radio CD/Mp3  original Seat
Închidere centralizata
2 Cheii cu telecomanda
Carte service la zi
Tuv Germania
Tehnic și optic impecabila
Accept testare!!!
Trimit poze suplimentare pe Wattshap
Trimit filmare video"
seat,Alhambra,2 700 €,1 896 cm³,116 CP,Diesel,Break,250 676 km,Gri,2002,Manuala,Buna ofer spre vânzare seat alhambra 19 tdi 116 cai interior piele fără rugina sunt primul proprietar în România anvelope iarna cu fiscal pe loc  preț 2700 euro ușor neg nu ma interesează schimburi  totalitate la nr  07******94
seat,Leon,5 200 €,1 996 cm³,170 CP,Diesel,Hatchback,282 000 km,Alb,2012,Manuala,"SEAT LEON FR 2.0TDI 2012
282.000km
Cutie manuală 6+1
170cp
Proprietar de 6 ani
- Pachet complet FR de fabrică interior-exterior (170cp)
- HILL Assist ( asistență la plecarea din rampă )
- Discuri ventilate și perforate
- Cup-holder
- Jante aliaj R17 cu anvelope DOT22 în stare perfectă
- AC
- Volan multifuncțional
- 4x geamuri electrice
- Privacy glass
- Oglinzi electrice și încălzite, rabatabile electric inclusiv din cheie
- Faruri automate
- Senzori de parcare funcționali
- Cotieră spate
- Interior textil în stare foarte bună cu scaune recaro FR
- Oglindă retrovizoare heliomata
- Bancheta spate rabatabilă
- USB/AUX/12v
Mașina este în perfectă stare de funcționare, mici urme de zgârieturi datorită vârstei, reviziile au fost efectuate cu simț de răspundere la maxim 10.000km.
Recent a fost făcută revizia generala(maxim 3000km), distribuția inlocuita de maxim 10.000km, plăcuțe, galeria de admisie curățata.
Bateria a fost schimbată in luna octombrie 2025.
Mașina nu are scurgeri de ulei și este funcțional totul.
Toate actele la zi, se oferă fiscal !
Fără daune ascunse, km reali, se acceptă orice fel de verificare !
Mașina se poate vedea în București.
Preț ușor negociabil, nu accept niciun fel de schimb !"
seat,Leon,5 500 €,1 789 cm³,300 CP,Benzina,Hatchback,243 639 km,Gri,2003,Automata,"Vând Seat Leon 1.8T FR de fabrică cu multiple modificări.
•Conversie DSG DQ250, merge ca de fabrică fără erori sau probleme ascunse.
•Turbo K04-023 nou, are 1000 km
•Biele forjate FCP
•Traseu cu intercooler frontal
•Admisie ALU
•Evacuare cu două tobe
•Injectoare Bosch 550cc
•Pompa benzină walbro 255l in tank
•Blow off atmosferic epman
•Suspensie reglabilă
•Frâne 312mm față, 256mm spate (discuri plăcuțe noi)
•Jante OZ Superturismo cu anvelope vară Dunlop 225-45-17 (are omologare până la 18)
•Colantată Gri Matt
•Interior Recaro piele perforată full electric cu încălzire și ventilație
•Volan Cupra R
Ulei filtre schimbate acum 1000 km, nu are niciun fel de problemă ascunsă, accept orice test cu banii în mână, schimb doar cu Golf 2 coupe benzina plus diferența!"
seat,Leon,2 000 €,1 999 cm³,140 CP,Diesel,Hatchback,283 000 km,Argintiu,2006,Manuala,"Seat Leon 2.0tdi 140cp 1 Singur Ax cu came, an fabricatie 2006, anvelope de iarna, masina merge foarte bine, trage foarte bine, nu dă fum, totul funcțional, folie omologata, ax came + culbutori + ulei noi.
280.000 Km reali.
ITP Valabil, RCA expirat.
Fiscal in aceeasi zi (până la ora 15:00)
Se poate livra dupa vizualizare si plată la domiciliul clientului in același preț de achiziție în limita a 100 de Km.
Necesita parbiz schimbat(este crapat)
Masina poate fi vazuta si probata in localitatea Heci judet Iasi."
seat,Ibiza,8 000 lei,1 198 cm³,86 CP,Benzina,Hatchback,155 000 km,Alta culoare,2009,Manuala,"Seat Ibiza 1.4 benzină, 2009, 86CP, Euro 4.
Mașină funcțională, ideală pentru oraș sau începători. Aer condiționat, geamuri electrice, închidere centralizată, proiectoare ceață.
ITP și acte valabile, pe numele proprietarului.
Baterie noua, 2 seturi de anvelope noi.
Preț: 8000 lei.
07******50 numar de contact"
seat,Leon,6 900 €,2 000 cm³,115 CP,Diesel,Hatchback,176 000 km,Alb,2016,Manuala,"Seat Leon 2016.2.0 TDI.175000km.150 CV.Interior sport .Senzori de lumina.Faruri  de ceata integrate cu lumini de viraj.Afisaj pentru controlul anvelopelor.Geamuri electrice.Priza conexiune 12V.Pilot automat.Sistem multimedia complet :Bluetooth, AUX.USB.Subwoofer +audioseatsound.Comenzi pe volan.Sistem radio player compatibil cu MP3 cu interferenta USB.Hands-free.radio Touch-screen. Reda mp3.Cutie manuala 6 viteze.Functie start-stop.ABS.ESP.Scaune textil Sport.Isofix.Senzori de stergatoare Ploiești.Inchidere centralizata. 2 chei."
seat,Ibiza,800 €,1 400 cm³,N/A,Benzina,Hatchback,187 000 km,Gri,2003,Manuala,Seat Ibiza 1.4 benzină din anul 2003 are 187000 km
seat,Altea XL,5 890 €,1 598 cm³,105 CP,Diesel,Monovolum,224 000 km,Gri,2015,Manuala,"Seat Altea XL
Motor : 1.6 tdi
Euro 5
An fabricație: 2015 ( octombrie)
Serie sasiu: VSSZZZ5PZFR009003
Va rog verificați seria de sasiu
Auto cu km reali, fără accident
Dotari:
Navigatie
Aer condiționat automat 2 zone
Computer bord
Geamuri electrice fata și spate
Oglinzi electrice
Oglinzi pliabile electric
Senzori presiune Roti
Senzori parcare fata și spate
Senzori lumină
Senzori ploaie
Pilot automat
Abs
Esp
Autohold
Start&stop
Airbag-uri
Conectare telefon bluetooth
Carte service , distribuție,  ulei, filtre
Se emite factura tva inclus
Fără variante auto"
seat,Leon,2 700 €,1 781 cm³,180 CP,Benzina,Hatchback,281 000 km,Gri,2002,Manuala,"Vând Seat leon 1.8 t cu doua seturi de jante r18 cu anvelope de vara  și r16 cuanvelope allsezone evacuare cu finala prevazuta cu clapeta electrica  pe 76 mm blow off valve sistem de frânare de Audi s4 plafon retapitat în alcantara  și multa altele . Pentru cei interesați de negocieri se negociază doar la fata locului ,iar pentru mai multe poza rog sa îmi scrieți in privat .Sunt interesat și de schimb cu autoplatforma"
seat,Ibiza,2 999 €,1 199 cm³,N/A,Diesel,Break,210 866 km,Negru,2011,Manuala,"Seat Ibiza St an 2011
--Credit doar cu buletinul--
--posibilitatea de a achiziționa cash sau rate
--posibilitate buy-back
--rate prin TBI BANK / MOGO IFN doar cu buletin
Dotări:
Senzori parcare
Perdeluța
Oglinzi rabatabil electric
Senzori lumini/ploaie
Pilot automat
Comenzi volan
Start stop
Clima 2 zone"
seat,Leon,6 250 €,1 395 cm³,122 CP,Benzina,Hatchback,183 000 km,Argintiu,2013,Manuala,"Seat Leon 1.4 Tsi 122Cp Style
Rate Fixe de la 760 Ron/Luna
Recent Import GERMANIA
Motor: 1.4 Benzina 122 Cp Euro 5
Cutie de Viteze Manuala 6+1
An Fabricatie: 09/2013
Km: 183000 cu Carte Service La Zii
Motor Generatie Noua cu Curea de Distributie. Foarte Fiabil
Stare Foarte Buna, Foarte Ingrijita!!!
Test Drive "" Detinem NR de PROBE""
NBI Auto este AUTORIZAT in Comertul cu Autoturisme
Ne Gasiti in Loc. Nusfalau Jud. Salaj
Ne Gasiti pe Google Maps si Waze. NBI Auto
Se Elibereaza FACTURA FISCALA + Toate Actele in Vederea Inmatricularii
Acceptam Verificare in Orice Service AUTORIZAT
GARANTIE 12 Luni
La Cerere:
* Transport la Domiciliu
* Numere Provizorii
* RAR
Istoric Curat Fara Daune Raportate
Dotari: Dublu Climatronic
Scaune Incalzite
Jante Aliaj R16 cu Anvelope de Vara
+Set Anvelope de Iarna R15
Volan Inbracat in Piele
Comenzi pe Volan
Sistem Multimedia Touch Screen + Tel. + Card
Senzori Parcare
Computer Bord
Pilot Automat
4x Geamuri Electrice
Inchidere Centralizata ""2 Chei""
Proiectoare de Ceata ""Cornering""
Oglinzi Electrice Incalzite
Abs, Esp, Airbagur, Cotiera
Spalator Faruri
Isofix
FINANTARE:
* ️0% Avans si fara garantii
* Obtii pana la 100% din valoarea vehiculului
* Se accepta si veniturile din salarii obtinute in strainatate
* Nu ai nevoie de asigurare CASCO
* Suma pre-aprobata ramane valabila 30 zile, ca sa iti poti primi vehiculul dorit
* Asigurare de viata inclusa
* Rata cu dobanda fixa, incepand de la 7,90% in functie de profilul si istoricul tau de creditare
* Poti sa alegi fluxul online, fara drumuri la banca"
seat,Leon,2 600 €,1 798 cm³,160 CP,Benzina,Hatchback,205 000 km,Negru,2009,Manuala,"OCAZIE
Se vinde Seat Leon 1P • 1.8 TSI • 160 CP • 2009
• 205.000 km
• ITP valabil
Mecanic impecabil – motor foarte silentios, turbina trage perfect, cutie și ambreiaj în stare excelentă.
Investiții recente: set bobine + bujii. Toata partea frontala pe partea de directie a fost facuta , este CA noua !
Estetic 10/10 – interior curat, mașină întreținută.
In masina NU trebuie bani investiti !
Acte în regulă, fiscal pe loc. Mașina este pe firmă.
Masina merita vazuta !
Motiv vânzare: am încă o mașină."
seat,Ateca,15 850 €,1 968 cm³,150 CP,Diesel,SUV,213 000 km,Rosu,2020,Manuala,"Vand Seat Ataca 20 tdi 150cp
07******32
Model FR euro 6
Bord digital
Dublu Climatroni
4 moduri de condus
Navigatie Mare inclusiv RO Touchscreen
Radio DAB+USB
Incalzire Scaune
Bord Compiuter
4 Camere
Volan piele+comenzi
Lain Asist
Front Asist
Bi Xenon+led fata spate
Jante Aluminiu Originale
Scaune piele Alcantara
Carlig remorcere electric
Distrbutie shinbata in Germania cu factura
Carte servis Germania E T C.
Inf.0sapte4patru3doi3noua3doi."
seat,Leon,2 000 €,1 900 cm³,105 CP,Diesel,Hatchback,233 000 km,Alb,2010,Manuala,"Seat Leon 1.9 tdi, 105 cai, diesel
An 2010
233.000 km
Oglinzi electrice
Climă
ITP valabil din luna octombrie
Mașina prezintă urme de uzură specifice vechimei de 15 ani iar deasupra roții spate are o ușoară îndoitură după cum se vede și în poze... Nu este o mașină pentru pretențioși de aceea și prețul scăzut, dar este o mașină cu care îți faci treaba. 07******89"
seat,Leon,5 290 €,1 197 cm³,86 CP,Benzina,Berlina,171 881 km,Verde,2014,Manuala,"Seat Leon 1.2TSi
•	Fabricatie: 2014
•	Norma poluare: Euro 5
•	Capacitate: 1197CMC
•	Putere: 86CP
•	Carburant: Benzina
•	Cutie manuala 5+1
•	171881KM
•	Carte service
•	Airbaguri, ABS, ESP
•	Servo directie
•	Computer de bord
•	Pilot automat
•	Geamuri electrice
•	Climatronic
•	Radio/CD original + AUX + USB
•	Inchidere centralizata / 2cheii
•	Volan multifuncțional
•	Proiectoare ceata
•	Senzori de parcare
•	Jante aliaj cu Anvelope bune
•	Consum redus și costuri de întreținere minime
•	Interior velur ingrijit si curat
•	Scaune reglabile inaltime/lombar
•	ISOFIX - Prindere scaun bebelusi
•	Stare tehnica si optica foarte buna
•	Accept absolut orice test autorizat
•	Recent adus din Germania
•	Ofer toate actele pt. inmatriculare
•	Ajut la obtinere nr. Rosii si inmatriculare
•	La cerere asigur transport pe platforma"
seat,Alhambra,12 900 €,2 000 cm³,150 CP,Diesel,Monovolum,240 000 km,Alb,2019,Automata,"Seat Alhambra Stylance 5 locuri
Data fabricatie 08.10.2019
Motor 2.0 tdi 150 CP euro6
Cutie viteze DSG
Volan multifuncţional sport îmbrăcat în piele, cu padele
Climatronic fata/spate & webasto
Alarma & senzori de volum
Monitorizare presiune pneuri
Geamuri fumurii spate si perdelute usi spate
Proiectoare de ceaţă şi lumini pentru viraje statice
Instalaţie de spălare a farurilor
Funcţie de detectare a gradului de oboseală
Senzori parcare 360 & asistare la parcare & camera marsarier
Oglinda interioara heliomata automat
Oglinzi exterioare incalzite & rabatabile electric
Cruise control & asistent mentinere banda & asistent frontal cu franare de urgenta & asistent semne circulatie & asistent unghi mort
Scaune fata incalzite & spatar sofer ajustabil electric & sertare sub scaunele fata
Compartimente depozitare in podea
IMPORTANT!
Distributie inlocuita la 205000 km in reprezentanta
Inscrisa RO
Posibil variante"
seat,Ateca,17 200 €,1 500 cm³,150 CP,Benzina,SUV,190 000 km,Rosu,2020,Automata,"Vand Seat Ateca FR
-An fab 2020
-Motor 1.5 Benzina
-150 CP
-Automata
-Euro 6
-Recent adusa din Germania personal pe roti
-TUV valabil pana in 2027
-Un singur proprietar
-190000 km originali
-Detin raport carvertical
-Masina nu are retusuri
-Arata si se conduce ca o masina noua
-Faruri LED
-AppleCarPlay
-Senzori de parcare Fata / Spate
-Camere 360
-Parcare automata (parcheaza singura)
-Park assist
-Panorama cu trapa electrica
-Interior din piele neagra cu cusaturi rosii
-Pavilion negru
-Lane assist
-ACC Distronic (masina tine singura distanta fata de masina din fata ei)
-Asistenta la unghiul mort in oglinzi
-Oglinzi electrice/rabatabile/incalzite
-Senzori de ploaie
-Senzori de lumina
-Senzori presiune in roti
-Keyless entry
-Portbagaj electric la buton
-4 Moduri de condus ECO/NORMAL/SPORT/INDIVIDUAL
-Sistem de muzica profesional Beats cu Subwoofer original
-Lumini ambientale cu mai multe culori
-Lumini ambientale in exterior
-Pachet chrom exterior
-Bare longitudinale pe plafon pentru portbagaj suplimentar
-Geamuri spate fumurii - ionizate din fabrica
-Navigatie GPS cu afisaj color si touchscreen
-Sistem infotainment integrat
-Virtual Cockpit / Ceasuri de bord digitale cu 3 stiluri de afisaj
-Volan din piele si comenzi
-Padele volan
-Bluetooth
-Climatizare automata cu doua zone
-Scaune electrice
-Incalzire scaune fata
-Geamuri electrice Fata / Spate
-Keyless GO
-Carlig de remorcare
-ISOFIX - Puncte prindere scaun copii
-Cotiera Fata / Spate cu suport de pahare
-Roata de rezerva slim
-Jante aliaj originale FR pe 19
-Cauciucuri de vara
-2 Chei
-Pret 17200 euro usor neg.
-Tel 07******63"
seat,Leon,7 790 €,1 986 cm³,150 CP,Diesel,Break,253 400 km,Maro / Bej,2015,Automata,"*** Seat Leon FR ***
* Motorizare : 2.0 TDI - 150 CP
* Cutie Viteze : Automata ( schimba perfect)
* Faruri : Matrix Led/Bixenon
* Interior Partial Piele + Alcantara
* Navigatie Color Touchscreen
* Volan Piele + Comenzi
* Pilot Automat
* Distronic
* Line Assist
* Front Assist
* Senzori Lumina
* Senzori Ploaie
* Senzori Parcare Fata + Spate
* Senzori Presiune Pneuri
* Geamuri Electrice
* Oglinzi Electrice Incalzite + Rabatabile Electric
* Jante Aliaj Originale 17” + Cauciucuri Iarna Michelin
* Carlig Remorcare / Detasabil
* Proiectoare Ceata
* Bari Chromate
* Geamuri Ionizate
* Inchidere Centralizata / 2 Chei
* Se Ofera Transport Pe Platforma
* Mai Multe Detalii La Telefon"
seat,Ibiza,3 299 €,1 400 cm³,80 CP,Benzina,Hatchback,193 000 km,Alta culoare,2012,Manuala,"Seat Ibiza 1.4 Benzina 80 Cp 2012 Euro 5
Telefon ０７３１９５２６０３
An 2012
1.4 benzina 80 cp
Euro 5
Rulaj 193000 km
Carte de service
Recent adusa
Clima
Central abs esp srs
Sistem audio
Sistem isofix
10 airbag-uri
Geamuri electrice
Oglinzi încălzite și electrice
Volan reglabil
Faruri ceata
Jenti aluminiu
Consum 5l 100 km
Se poate scoate 90 zile nr roșii
Pret 3299 euro
Telefon ０７３１９５２６０３"
seat,Leon,5 999 €,1 598 cm³,110 CP,Diesel,Break,265 000 km,Gri,2014,Manuala,"Seat Leon 3 - 2014
Echipare - Style
1.6 Tdi 110 cp - Euro 5
Cutie manuala - 5 viteze
- Faruri Matrix Led
- Daylight Led
- Sistem multimedia cu touchscreen
- Rcd - Card - Usb - Auxiliar
- Bluetooth telefon & audio
- Climatronic - 2 zone
- Geamuri electrice
- Oglinzi electrice & incalzite
- Inchidere centralizata (2 chei)
- Servodirectie
- Abs.Esp
- 11 Airbag
- Computer bord
- Pilot automat
- Senzori ploaie & lumina
- Lumini automate
- Senzori parcare spate
- Volan piele reglabil
- Scaune reglabil inaltime
- Comenzi pe volan
- Cotiera
- Isofix
- Torpedo refrigerat
- Folie autorizata Rar
- Proiectoare & cornering
- Stopuri Led
- Jante aliaj 17 - anvelope vara
Recent adusa in Romania
Pret ‼️ 5.999 €‼️
07******33"
seat,Leon,11 190 €,1 400 cm³,150 CP,Benzina,Break,169 000 km,Rosu,2018,Automata,"ATENȚIE ! ! ! ""> "" NU FACEM SCHIMBURI ! ! ! "" ""
Auto Rulate NEWWAY MOBILITY, firma autorizata si specializata in comertul cu autoturisme SH/VO va ofera garantia km-lor, un istoric transparent si un nivel ridicat al calitatii autoturisme oferite spre vanzare. Deasemenea compania noastra va ofera posibilitatea achizitionarii unui autoturism prin sistem leasing(pentru PJ), credit auto prin TBI credit(incepand de la 1% dobanda in functie de profilul clientului) sau plata cash in functie de doleantele clientului.
Contractul de leasing se poate intocmi cu un avans cuprins intre 15-30% din valoarea autoturismului in fuctie de pretul autoturismului.
În atenția potențialilor clienți Auto Rulate New Way Mobility ofera spre vânzare Seat Leon Xcellence cu următoarele extrase:
- Nivel de echipare Xcellence (cel mai bogat nivel de echipare la momentul configurarii)
- Data prima înmatriculare 09.2018
- Faruri matrix full LED
- Stopuri/triple cu semnatura LED
- Praguri fata cu iluminare decorativa Xcellence
- Lumini amientale pe fetele de usi si picioare
- Sistem profesional de muzica SEAT SOUND cu subwoofer in portbagaj
- Camera marsalier
- Asistenta la plecare din rampa
- Sistem Keyless Entry / Keyless Go
- Navigatie
- CarKit prin Bluetooth
- Tempomat / Pilot automat
- Redare muzica de pe YouTube prin intermediul telefonului prin bluetooth
- Incalzire in scaune
- Computer de bord
- 10 x Airbag
- Geamuri electrice fata si spate
- AFU - Asistenta la frânare de urgenta
- Sistem Start / Stop la semafor
- Funcție ECO pt un consum si mai redus de combustibil (regim de functionare in 2 cilindri)
- Dublu climatronic
- Oglinzi electrice incalzite si pliabile electric
- Volan multifuncțional reglabil pe înălțime
- Auto hold (asistenta la plecare din rampa)
- Senzori parcare fata si spate
- Senzori presiune pneuri
- Senzori lumina
- Senzori ploaie
- Proiectoare ceata cu LED
- Sistem IsoFix pentru scaun copil
- Presuri originale Sear
- Vopsea rosu metalizat
- Privacy grass (Geamuri spate fumurii + perdelute)
- Jante aliaj 17'' originale SEAT
- Stare tehnica si optica buna
- Unic proprietar de la data achizitiei
- Istoric complet in reprezentanta
- Nu necesita investiții majore pe termen scurt.
- Motorizare: 1.4 TSI, 150 cp
- Tip distribuție: curea.
- Tip transmisie: cutie automata tip DSG cu 7 rapoarte.
Stare: Inmatriculata.
RCA: Necesita reinnoire.
ITP: Valabil.
VIN: VSSZZZ5FZJR197008
Observatii/Recomandari: Clientul are dreptul, chiar obligatia ca, sa verifice autoturismul inaintea achizitionarii iar vanzatorul obligatia de a-i pune la dispozitie documentele de service, seria de sasiu si autoturismul in vederea verificarii de catre o entitate autorizata in inspectie(reprezentanta, partener marca).
Mașina vine însoțită de carte service 2 chei de contact, respectiv toate actele necesare transcrierii.
Toate reviziile masinii au fost efectuate in rețeaua dealerului de marca si garantam pentru autenticitatea kilometrilor parcursi.
Autoturismul corespunde normelor de poluare euro 6b.
Auto Rulate NewWay Mobility recomanda verificarea numarul km-lor parcursi prin intermediul aplicatiei lansate de RAR inainte sa achizitionati orice autoturism inmatriculat in Romania, respectiv și verificarea avariilor avute de-a lungul utilizării prin intermediul aplicațiilor de specialitate sau o vizita în reprezentanta.
La vânzare mașina se va vinde cu factura menționând numărul2 km-lor parcursi, prețul afișat fiind cel brut(TVA inclus).
Pentru detalii suplimentare, poze, VIN, va rugam sa sunați la numărul de telefon afișat în anunt!
Pentru a vedea si restul ofertelor dati click pe ''Anunturile utilizatorului '' din acest anunt sau ne puteti urmari deasemenea cu un like si pe pagina noastra de Facebook, Auto Rulate New Way Mobility."
seat,Arona,8 100 €,N/A,110 CP,Benzina,SUV,170 000 km,Alb,2018,Manuala,"Import recent pe roti – Nerulata in Romania
VSSZZZKJZJR140314
Fabricatie 2018
Istoric complet cu facturi la zi
Motor 1.0 Turbo, 110CP
***ARATA SI FUNCTIONEAZA IMPECABIL
*** Incalzire in scaune
***Lumini de zi cu LED,
***Conexiune USB,
***Pregătire Bluetooth pentru telefonul mobil
***Clima manuala
***Avertizare de părăsire a benzii de rulare
*** Faruri automate
***Anvelope de iarna in stare buna
***Senzori de ploaie si lumina
***Senzori presiune anvelope
***Lumini de zi
***Geamuri ionizate
***4 x geamuri electrice
***Oglinzi incalzite, reglabile electric
***Volan piele multifunctional
***Computer de bord
***Pilot automat
***Touchscreen
***Radio FM MP3 AUX USB
***Bluetooth telefon si media
***Auto Hold system
***Start/Stop System"
seat,Leon,6 700 €,2 000 cm³,250 CP,Diesel,Hatchback,270 000 km,Negru,2007,Manuala,"Motor 2.0 diesel 170cai + soft
Cutie 6 viteze manuala
FR de fabrica, pachet AERO
Faruri xenon adaptive
Oglinzi rabatabile electric
Cauciucuri dot 2022 M+S 245-35-R19
Interior din piele recaro
Suspensie sport reglabila bilstein
Senzori de parcare
Navigatie android
'Inchidere centralizata
Clima functionala rece/cald
Evacuare dubla pe 76 cu downpipe
Primul proprietar in RO
Kit Distributie
Kit ambreiaj
Turbo reconditionat hibrid/ injectoare
Oringuri injectoare
Semeringuri axe cu came si vibrochen
Placute-discuri
Ulei-filtre, baterie noua varta
Toate acestea in urma cu 3000km
Nu necestita investitii, nu are defect nici estetic nici mecanic
Km 270.000
Mașina se poate vedea și proba în București.
Pret in euro 6700 ușor negociabil.
07******46 răspund pe wapp/olx."
seat,Leon,3 200 €,1 968 cm³,180 CP,Diesel,Hatchback,250 000 km,Gri,2011,Manuala,"De vânzare: Seat Leon 2.0 TDI (Stage 1 - 180 CP) - Model Facelift - Preț 3.500 EUR Negociabil
Caut un nou proprietar pentru un Seat Leon din 2011, o mașină fiabilă și sportivă, ideală atât pentru oraș, cât și pentru drumuri lungi. Este varianta cu motorizare 2.0 TDI, care, printr-un soft Stage 1, dezvoltă acum o putere de aproximativ 180 CP. Acest upgrade îi oferă performanțe dinamice excelente și un răspuns rapid, menținând în același timp un consum eficient de combustibil.
Detalii cheie:
* An fabricație: 2011
* KM: 250.000
* Motorizare: 2.0 TDI (Diesel)
* Putere: de la 140 CP la Aproximativ 180 CP (soft Stage 1)
* Cutie de viteze: Manuală
* Confort și tehnologie:
* Dublu climatronic – pentru un confort termic optim.
* Pilot automat – ideal pentru drumuri lungi, reduce oboseala.
* Comenzi pe volan – pentru un control facil al sistemului audio și al altor funcții.
* Sistem audio de fabrică cu intrare AUX – te bucuri de muzica preferată.
* Geamuri electrice (față/spate) și oglinzi electrice.
* Faruri automate
* Senzori lumini si ploaie
Echipare roți:
* Set de jante de aliaj pe 17 inch, echipate cu anvelope de vară.
* Un set suplimentar de jante cu anvelope de iarnă (trebuie inlocuite) inclus în preț – ești pregătit pentru orice sezon!
Stare tehnică și estetică:
* Din punct de vedere tehnic, mașina funcționează impecabil. Motorul trage excelent, cutia de viteze schimbă lin, fără probleme.
* Estetic, prezintă mici defecte estetice, normale pentru vârsta ei:
* Parbrizul este crăpat (trebuie înlocuit).
* Aripa stângă față s-are decojit vopseaua, a fost inlocuita acum 5 ani.
* o gura de ventilație din interior crapata
* Aceste aspecte sunt vizibile în fotografii și vor fi luate în considerare la negociere.
Această mașină este o opțiune excelentă pentru cineva care caută un vehicul puternic, economic și bine dotat, la un preț corect, și care este dispus să investească în remedierea micilor imperfecțiuni estetice."
seat,Leon,4 100 €,1 400 cm³,123 CP,Benzina,Hatchback,217 000 km,Alb,2011,Manuala,"Seat Leon 1.4 TSI
- vand Seat Leon 1P1 - 2011 Facelift
- 1.4 tsi - 123 HP - distributie pe lant
- Km: 217.XXX
- al doilea proprietar ( primul in Ro)
- senzor parcare
- AC
- Cornering
- Geamuri + Oglinzi electrice
- Coming home/ Leaving home
- senzor ploaie
- faruri automate
- pilot automat
- set R16 + set R18
Se pastreaza nr. de inmatriculare
Pret:4100 €
————————————————-
Seat Leon 1.4 TSI
- Eladó Seat Leon 1P1 - 2011 Facelift
- 1.4 tsi - 123 HP - láncos vezérlés
- Kilométer: 217.XXX
- Második tulajdonos ( Romániában első)
- Tolató szenzor
- AC
- Cornering
- Elektromos ablakok elektromos tükrök
- Coming home/ Leaving home
- Esőszenzor
- Automata fényszórók
- Tempomat
- Egy szett R16 + egy szett R18 felni, új nyári gumikkal (be van írva a talonba)
Átírni kötelező, a rendszámot megtartom
Ár: 4100 €"
seat,Leon,3 500 €,1 600 cm³,101 CP,Benzina,Hatchback,N/A,Verde,2010,Manuala,"Seat Leon 1.6  (BSE, 101 cp) + Gpl
- Geamuri electrice
- Închidere centralizată
- Oglinzi electrice încălzite
- Dezaburire luneta
- Aer condiționat
- Computer bord cu Maxidot
- Comenzi pe volan
- ABS, ESP
- Jante aliaj 17
- Pilot automat
- Scaune reglabile pe înălțime si lombar
- Interior textil
- Volan reglabil înălțime si adâncime
- Proiectoare ceata cu functie cornering
- Navigatie RNS 310
- Bluetooth Handsfree si Audio
- AUX
- Sistem audio avansat.
- Senzori lumina
- 10x airbag
- Full LED interior
- Instalatie GPL Tomasetto[butelie schimbata 03.2025]
Au fost schimbate recent:
- Distribuție/pompa de apa
- Curea accesorii si role
- Pompa de benzina noua
- Bujii noi
- Baterie nouă
- Discuri si plăcute frâna fata-spate
- Amortizoare fata/spate plus bielete antiruliu/flanse
- Etrier frana dreapta spate
- Pivot dreapta fata
- Schimburi ulei  si filtre (filtru aer sport, filtru polen, filtru ulei).
- Revizie GPL."
seat,Ibiza,3 400 €,1 598 cm³,105 CP,Benzina,Hatchback,196 300 km,Gri,2009,Manuala,"Seat Ibiza Model 2009 Motor Clasic cel mai fiabil 1.6 Benzina 105 cp Cutie 5 viteze
Recent Adusa din Germania pe roti nu s a scos nici un set de numere rosii
-Day Light
-Climatronic Functional
-Incalzire in Scaune
-Cornering Light Sistem
-Proiectoare Ceata
-Linie Audio Seat concept mp3 aux
-Interior textil 2 culori
-Afisaj Color
-Volan Reglabil de Piele cu comenzi
-Pilot Automat
-Cotiera Fata spate
-Follow me Home
-Interior Ingrijit
-Bord Computer
-4xGeamuri electrice
-Oglinzi electrice incalzite
-Jante de Aluminiu Originale Seat Model Deosebit cu anvelope f bune
-ABS, ESP
-Sistem Isofix
-Culoare Deosebita
-Distributie pe Lant
-Interior ingrijit
-Inchidere centralizata pe cheie 2 chei
-Masina de persoana fizica unic proprietar
-culoare deosebita
-Accept testare
-Geamuri Ionizate Spate
-Consum 5.3 autostrada urban 7 l
-Tara de Proveniență Germania
-ITP valabil până 05.2026
-Carte Service
Alternator schimbat nou
Baterie noua
-Nu necesita investitii
-Arata si functioneaza Impecabil
Pentru mai multe informatii telefonic Rog seriozitate"
seat,Leon,7 000 €,1 395 cm³,140 CP,Benzina,Hatchback,164 000 km,Gri,2014,Manuala,"SEAT Leon 1.4 TSI Style
-An fabricație: 03.2014
-Motorizare: 1.4 TSI (cod motor CHPA) – 140 CP, benzină, distribuție pe Curea!
-Transmisie: Manuală, 6 trepte
-Caroserie: Hatchback, 5 uși
-Culoare: Gri metalizat – cod vopsea LX7R (Monsoon Grey)
-Kilometraj: 164.000 km reali (verificați)
-Normă de poluare: Euro 5
-Consum mediu: 5,2 – 6,4 l/100 km
CO₂: 119 g/km
---
>Dotări și echipamente
-Tempomat (Cruise Control)
-Încălzire în scaune față
-Scaune reglabile pe înălțime și adâncime
-Climatronic automat cu 2 zone
-Sistem Start/Stop
-Volan multifuncțional reglabil (pe înălțime și adâncime)
-Geamuri electrice față și spate
-Oglinzi electrice și încălzite
-Faruri cu reglaj electric + Follow Me Home
-ESP / ABS / ASR / EBD / Asistent frânare de urgență
-Airbaguri frontale + laterale + cortină
-Computer de bord + afișaj multifuncțional
-Jante aliaj 18”
-Sistem audio original cu comenzi pe volan
-Senzori de parcare Fata-Spate
-Lumini de zi
-Interval de service prelungit (QG1)
-Interior textil gri/negru cod AH, bine întreținut.
---
> Stare și întreținere
-Mașină întreținută cu atenție, revizii la timp in Reprezentanta.
-Fără probleme tehnice sau erori în bord.
-Interior curat, fără rupturi sau uzură excesivă.
-Istoric in reprezentanta SEAT (Carte service disponibila)
-Verificare in reprezentanta SEAT Timișoara.(Confirmare Km)
-Raport CarVertical disponibil!
Cablurile pentru frână de mână sunt noi in portbagaj și trebuie înlocuite.
Prețul este Fix!"
seat,Altea XL,4 990 €,1 600 cm³,116 CP,Diesel,Hatchback,190 000 km,Albastru,2016,Automata,"Seat Altea xl
An 2016
Motor 1.6 d
Cutie automata
Jante aluminiu
Navigație
Comenzi volan
Cârlig
Mai multe detalii la nr din anunț
0 7 cinci 4 3 patru doi 1 4 4"
seat,Leon,7 950 €,1 600 cm³,105 CP,Diesel,Break,255 000 km,Gri,2015,Automata,"•7.950 € ( usor negociabil )
• Seat Leon TDI Style
• 1.6 Diesel (105 CP) Euro 5
• Model 2015
• Import Germania
• Cutie De Viteza Automată
• 255.000 km
• Achizitie CASH / RATE / BUY-BACK
Dotări:
* 4 x geamuri electrice
* Sistem Dublu Climatronic
* Radio/Media/CD/Bluetooth
* Oglinzi reglabile si rabatabile
* Faruri Led Fata/Spate
* Faruri reglabile
* Senzori ploaie/lumina
* Sistem ABS/ESP
* Computer Bord
* Volan piele
* Inchidere centralizata
* Jante Aliaj
* Proiectoare Ceata
* Senzori de parcare
* Pilot automat
* Interior Textil
* Carlig de remorcare
* Incalzire in scaune
* Sistem anti-alunecare (ASR)
* Pachet de iluminare LED interior
* Sistem de asistență la condus: sistem de detectare a obstacolelor (Front Assist) cu funcție de frânare de urgență în oraș
* Sistem de control al vitezei (control de croazieră)
* Sistem Start/Stop
* Sistem de asistență la condus: Asistent la pornirea din rampă
* Sistem de asistență pentru șofer: Recunoașterea caracteristicilor traficului
* Asistent de frânare
* Asistenta faruri (Coming Home, Leaving Home)
* Sistem de asistență pentru șofer: Asistent pentru pornire în rampă și Blocare electronică a diferențialului
AVANTAJELE PARCULUI NOSTRU:
* Transport gratuit la domiciliu in judet si zonele invecinate
* Posibilitate de livrare in toata tara prin partenerii nostri
* Finantare 100% online sau direct in locatia noastra
* Rate fixe cu sau fara avans doar cu buletinul pentru persoane fizice
* Garantie 12 luni pentru motor si cutie
* Kilometraj verificat si certificat
* Posibilitate test drive pentru orice masina, legal cu numere de proba
* Video si poze extra la cerere cu masina dorita
* Asistenta pentru RAR si inmatriculare
Ne gasiti in Sanmartin , Str. Stefan cel Mare , Nr 121, Bihor 417495
PROGRAM:
Luni - Vineri: 09:00-17:00
Sambata: 10:00-14:00
Duminica: INCHIS
Nu ai gasit masina dorita in stocul nostru ?
Contacteaza-ne prin OLX, Whatsapp sau la numerele de telefon si o aducem la comanda!
!Atenție: Informațiile pot fi Pentru orice nelamurire sau intrebare in legatura cu autoturismul, va rugam sa ne contactati."
seat,Leon,4 250 €,2 000 cm³,170 CP,Diesel,Hatchback,240 000 km,Alb,2010,Manuala,"Vand Seat Leon Fr 2.0 Tdi 170 cai Euro 5 Common rail
Motor 2.0 tdi 170 cai
Cod motor Caga
Km 241000
An fanricatie 2010
Dotari :
- Faruri bixenon
- ⁠Spalatoare faruri
- ⁠Proiectoare ceata
- ⁠Tempomat
- ⁠Scaune incalzite
- ⁠Navigatie
- ⁠Oglinzi electrice incalzite
- ⁠Oglinzi rabatabile electric
- ⁠Bluetooth
- ⁠Aux
- ⁠Usb
- ⁠Senzori presiune roti
- ⁠Pedale sport aluminiu
- ⁠Volan cu comenzi
- ⁠Maxidot
- ⁠Computer bord
- ⁠Isofix
- ⁠Geamuri electrice x4
- ⁠Suport pahare
- ⁠Reglaj lombar
- ⁠Jante aliaj r16 cu cauciucuri noi de iarna
- ⁠Discuri si placute spate noi
- ⁠Inchidere centralizata
Masina este recent adusa in tara . Tara de origine Germania unic propietar in Germania .
Mai multe detalii la telefon ."
seat,Alhambra,9 299 €,1 986 cm³,150 CP,Diesel,Monovolum,290 000 km,N/A,2016,Manuala,"Ne găsiți la tel 07******74 sau la adresa : Oradea, Str Nojoridului nr 50
Cash Sau Rate fixe
Masina in rate doar cu buletinul.
Posibilitate vanzare in rate cu avans 0.
Aprobarea se acorda pe loc.
Test drive
Livrare gratuită pe raza Jud Bihor
km certificați (carte service)
La cerere oferim si numere roșii
La cerere ne ocupam de Înmatriculare
Seat Alhambra 7 Locuri
Euro 6 !!
Motor 2.0 TDI,dezvoltand 150CP data primei inmatriculari  11/2015 , avand un kilometraj de 292000, masina are urmatoarele optiuni:
-Dublu climatronic
-Incalzire scaune
-Comenzi volan
-Bord computer maxidot
-Tempomat
-Navigatie color cu android si touchscreen
-Parcktronic (senzori de parcare fata spate cu afisaj in diplayul navigatie)
-Camera
-Proiectoare ceata
-Coming home/leaving home
-Senzori lumina
-Senzori ploaie
-Jante aliaj originale"
seat,Ibiza,2 400 €,1 400 cm³,85 CP,Benzina,Berlina,200 308 km,Gri,2010,Manuala,"Vând Seat Ibiza, adus si înmatriculat in romania- 03.02.2025, prima înmatriculare in 05.11.2010
Masina se află in stare bună de funcționare, motor 1.4 benzină, cel mai fiabil motor, (4 pistoane).
Schimbat recent chit distribuție.
AC functional.
Cârlig de remorcare.
Fără martori aprinși in bord.
+ Un set de roti de iarnă cu jante cu tot.
Acccept unele schimburi cu auto după 2015.
Preț ușor negociabil."
seat,Leon,5 650 €,1 390 cm³,122 CP,Benzina,Hatchback,170 000 km,Gri,2012,Manuala,"Seat Leon FR
An fabricație 2012 serie 2013
1.4tsi 122cp
Euro 5
Cutie manuala 6+1
Recent import Germania persoana fizica
Numere valabile 16.12.2025
Arata și funcționează impecabil
Recent schimbate consumabile (ulei filtre]kit distribuție, bujii etc
Carte service
Tuv Germania
Doua chei
Lumini de zi led
Stopuri spate led
Faruri automate Bixenon
Geamuri electrice fata
Geamuri electrice spate
Oglinzi electrice si încălzite
Volan piele sport
Comenzi volan
Computer bord
Pilot automat
Senzori parcare
Senzori ploaie
Senzori presiune roti
Dublu climatronic
Navigatie
Bluetooth Android
Tapiserie textil FR
Încălzire scaune
Jante aliaj originale FR
Etc
Arata și funcționează impecabil
Nu accept schimburi
Nu răspund la oferte
Prețul este ușor negociabil"
seat,Leon,3 400 €,2 000 cm³,170 CP,Diesel,Hatchback,300 000 km,Galben / Auriu,2008,Manuala,"Vand Seat Leon 2.0 Tdi
Cod motor:bmn
An 2008
Pilot automat
Navigatie cu bluetooth si android
Oglinzi retractabile si incalzite
Comenzi volan
Trapa
Scaune sport
Clima pe 2 zone
Computer bord cu maxidot
Faruri bixenon adaptive cu reglaj automat
4 geamuri electrice
Proiectoare ceața
Proprietar
Schimbat recent distribuție(pompa de apa si cea de accesorii)
Serie sasiu:vsszzz1pz7r109542
Proprietar
Pret in Euro
Usor negociabil
FARA SCHIMBURI"
seat,Leon,5 800 €,1 200 cm³,N/A,Benzina,Hatchback,216 000 km,N/A,2013,Manuala,"Vând Seat Leon 5F, anul 2013, în stare tehnică și estetică foarte bună. Mașina a fost îngrijită și folosită responsabil, fără probleme ascunse. Ideală pentru oraș și drumuri lungi, cu consum redus .
Dotari:
Incalzire in scaune
Geamuri electrice fata
Navigatie cu touchscreen
Comenzi volan
Ecran multimedia
Pilot automat
Bluetooth
Senziori parcare spate cu afisaj
Isofix
Oglinzi incalzite
Senzori presiune roti
Se vinde cu jantele din poza R17 + jante de iarna R15 originale"
seat,Exeo,4 950 €,1 968 cm³,143 CP,Diesel,Break,273 500 km,Negru,2012,Manuala,"Vand Seat Exeo, km 273.500, an 2012, 2.0 TDI, 143 CP, dublu climatronic, carlig remorcare, pret 4950 euro negociabil + inca un set de genti."
seat,Altea XL,4 700 €,1 600 cm³,105 CP,Diesel,Monovolum,208 000 km,Gri,2012,Manuala,"SE vinde seat altea XL 1.6 TDI
motor VW 105 cp
climatronic doua zone functional
comenzi pe volan
start stop
10 airbaguri
doua geamuti electrice
carlig de remorcare
genti pe 16 cauciucuri noi de Vara
editie Copa 2012
conexiune maini libere Telefon
asr esp
frana de ajutor la plecarea din panta
distributie schimbata acte la Zi proprietar in acte fiscal pe loc. masina merge impecabil.
Este foarte intretinuta la partea de estetica prezinta urme de uzura normale la exterior.
are un consum foarte mic, nu consuma deloc ulei, nu are absolut deloc Rugina
SE poate verifica oriunde
modelul Este mai mare decat un VW golf plus
07******93"
seat,Alhambra,3 500 €,1 968 cm³,140 CP,Diesel,Monovolum,250 186 km,Rosu,2008,Manuala,"Vand Seat Alhambra, motor 2.0 brt, an fabricație 2008,7 locuri, stare buna de funcționare, nu bate nu troncane, dotări:4 geamuri electrice, clima functionala, vebasto, cârlig de tracțiune, cauciuri noi, itp facut recent, RCA valabil, proprietar în acte, fiscal pe loc mai multe detalii la numărul de telefon 07******03"
seat,Altea XL,5 650 €,2 000 cm³,140 CP,Diesel,Hatchback,175 000 km,Argintiu,2009,Manuala,"Proprietar vind Seat,Euro 4 cu filtru de particule, motor 2.0 tdi cod motor BMM renumitul si fiabilul motor cu o singura axa cu came model deosebit si rar pt ca are trapa si este tractiune fata in rest pachet complet Freetrack,adus in Romania noiembrie 2018 din Belgia.Autoturism foarte ingrijit,Carte service,ATENTIE!175000km,cu un trecut curat fara accidente fara nici un element revopsit.Dotari:Dublu Climatronic,senzor ploaie,senzor lumini,senzor presiune roti,Abs,Esp,pilot automat,comenzi volan,,Trapa,oglinzi electrice ,rabatabile si incalzite,bord computer,asistenta parcare spate si camera spate si fata android auto ,4G,8GB,128GB,Dsp 30 EQ+8 core,car play,bluetooth,navigatie,internet cu cartela,sonorizare de exceptie(adica se aude bestial),youtube,follow me home,inchidere centalizata cu alarma ,geamuri electrice fata/spate,scaune fata tip RECARO si cu reglaj lombar,bancheta spate reglabila.De ce este asa scumpa? Pt ca anul trecut in noiembrie a beneficiat de o revizie generala si au fost schimbate toate piesele uzate cum ar fi:anvelopele,bateria,telescoape fata si spate si flansele,planetarele,discuri si placute fata /spate,capete de bara,bielete spate,distributia completa si curea accesorii cu intinzatorul aferent,fulie alternator,antigel,ulei, filtre,schimbat ulei cutie,schimbat lichid de frina,revizie la instalatia de aer conditionat freon si ulei cu igenizare,solutie antibacteriana,schimbat toate becurile,detailing interior,folie omologata, adica cu alte cuvinte nu ar trebui alte investitii in ea o buna bucata de vreme.O masina robusta care ofera multe pt bani putini,spatiu,putere,auditie ,confort ,siguranta chiar este o masina deosebita.Va rog sa cititi cu atentie anuntul."
seat,Ibiza,9 900 €,999 cm³,80 CP,Benzina,Hatchback,129 000 km,Gri,2020,Manuala,"Vand Seat Ibiza 1.o TSI de 80 cp import Germania .Motor simplu aspirat fara turbina ideal pt oras !!! Prima inmatriculare octombrie 2019 si serie de 2020  Masina are dotari personalizate ! Virtual cockpit bord digital de 10.25 inci ,distronic , sistem de navigatie mare de 8 inci cu AppleCar PLAY , ANDROID AUTO si touchscreensi comenzi vocale ,sistem audio Beats Audio 300 W RMS cu 6 difuzoare si cu subwoofer in roata de rezerva si difuzoare . Lumini ambientale in doua culori .Incarcare telefon fara cablu , Plafon vopsit in negru , Tapiterie cu stofa piele si piele alcantara ! Meniu in limba romana !  Faruri si stopuri full led ! Jante AL originale !2 chei cu telecomanda! ETC ! Nu fac schimburi si nu raspund la mesaje !!! Masina este adusa pe firma si se vinde cu factura !!!"
seat,Altea XL,5 250 €,1 986 cm³,140 CP,Diesel,Hatchback,N/A,N/A,2011,Manuala,"Vand Seat Altea XL an 2011 , motor 2000 TDI -140 cp. 6+1 trepte , dublu climatronic , incalzire in scaune , comenzi volan , pilot automat , computer bord , senzori ploaie , lumini , presiune roti , 4x geamuri electrice , oglinzi electrice incalzite , inchidere centralizata , abs, esp , adusa recent din Germania , unic proprietar , km. verificabili , accept orice test , stare impecabilă, fara rugina , nu a fost vopsită. Distribuție schimbată la 208000 km. , si la 219000 , revizie filtre si ulei. Nu necesită nici o investiție !!!"
seat,Leon,5 000 €,1 595 cm³,110 CP,Diesel,Break,210 000 km,Negru,2015,Manuala,"Seat Leon 2015 1.6 TDI ST CAYC
Vand sau schimb cu LOGAN dupa 2014, Clio sau Megane
Propietar/ fiscal
Masina este inmatriculata acte valabile
210000 km
1.6 TDI ECOMOTIVE 6+1
Faruri full led MATRIX faza scurta/lunga
DLR
Stopuri full led
Proiectoare ceata
Interior mix alcantara/piele
Navigatie mare color
Bluetooth/aux/CD changer
Oglinzi rabatabile/pliabile/ incalzite electric
4×geamur electrice
Oglinda retrovizoare anti-orbire
Senzori de parcare fata-spate
Masina necesita investitii
Schimb capac culbutori
Curatare DPF(regenerari dese in oras, trafic intens)
Discuri+placute
Masinacircula zilnic
Am schimbat racitorul de EGR si conductele afefente
Accept schimb cu Logan 2014+, Clio sau megane 2013+
Raspund pe Whatsapp si OLx"
seat,Altea XL,4 500 €,1 590 cm³,116 CP,Diesel,Monovolum,296 630 km,Verde,2012,Manuala,"Seat altea Xl 2012 pe acte
Motor in stare.impecabila
Articulație impecabila
Exterior impecabil fara defecte
Fara vopsea fara rugina
Interior intretinut totul perfect functionabil
Km realii Accept orice proba orice verificare
Accept orice proba orice test  !!!
Dotarii  :
Țară proveniență Germania
1.6 Diesel ecomotive !!
Varianta Xl
Euro 5
Filtru activ
Cârlig remorcare
4 x geamurii electrice
Oglinzi electrice
Volan reglabil
Pilot automat
Computer de bord
Start-stop motor
2 x cheii
Senzori parcare
Oglinzi rabatabile
Far automat
Lumini automate
Jante aliaj originale
Anvelope foarte bune
Geamurii cu tenta
Radio cd original
Dublu climatronic perfect functional rece cald
Inchidere centralizata
Pentru mai multe detali la telefon
Accept variante"
seat,Leon,7 500 €,2 000 cm³,150 CP,Diesel,Hatchback,270 000 km,Negru,2014,Manuala,"Vând Seat leon 2014 2.0 150 cp
Unic Proprietar în România!
Dotări:
-Seat sound
-Senzori ploaie
-Faruri adaptive
-Semnalizare/stopuri full led
-Spălător faruri
-Incălzire scaune
-Navigație Mare
-Jante R17
-Lumini ambientale
-Eleron
-Start/Stop
-Follow me Home
-Leaving Home
Mai multe detalii în privat!"
seat,Exeo,5 200 €,1 968 cm³,170 CP,Diesel,Berlina,249 000 km,Gri,2010,Manuala,"Seat Exeo 2.0TDI
-170cp
-249.000 km
-primul si singurul proprietar, achizitionata de noua in 2011
-scaune fata incalzite
-faruri xenon adaptive, orientabile in viraje
-geamuri electrice
-oglinzi electrice, incalzite
-trapa
-senzori parcare fata/spate
-camera marsarier
-senzori ploaie
-pilot automat
-comenzi volan
-sistem audio hi fi cu navigatie dedicata Apple carplay
-distributia/schimb ulei si filtre facute la 246.000km
-cauciucuri de iarna noi, achizitionate in octombrie 2025
Pretul este in €, negociabil"
seat,Leon,2 500 €,1 989 cm³,140 CP,Diesel,Hatchback,287 000 km,Negru,2008,Manuala,"Masina are scaune sport,Dublu climatronic, geamuri electrice 4x, oglinzi electrice, ceasuri de bord maxidot, inchidere centralizata
Are discuri spate + etrieri noi , placute fata noi cu discuri aproape noi.
Jante aliaj 17 cu anvelope de iarna"
seat,Ibiza,3 190 €,1 200 cm³,75 CP,Benzina,Berlina,172 400 km,Alta culoare,2013,Manuala,"Seat ibiza 1,2 benzina an 2014 euro 5 km 172400 reali !!! Ofer seria pentru verificare .75 cai.
Masina arata impecabil interior cât și exterior fara nici o problema.
Este adusa recent in tara .
Dotarii:
Clima functionala
Gemauri electrice
Oglinzi electrice
Abs /esp
Toate actele in regula .
Ofer transport cu platforma
Pentru mai multe detalii la tel zero,sapte,patru,trei,opt,unu,patru,zero,noua,zero
Pret 3190 euro neg."
seat,Leon,5 600 €,1 998 cm³,170 CP,Diesel,Hatchback,170 000 km,Rosu,2010,Automata,"Seat leon fr de fabrica interior /exterior
170000 km reali!!!
Motor 2.0 TDI 170 CP
Cutie DSG 6
Faruri xenon automate ,senzori ploaie ,lumini,presiune roti
Interior impecabil ,scaune incalzite,pilot automat,oglinzi incalzite reglabile electric,senzori parcare
Roti iarna +roti vara complete
Distributia facuta la 165000 km
Nu necesita nici o investitie,nu a fost implicata in accidente rutiere
Accept orice test"
seat,Ibiza,8 500 €,999 cm³,95 CP,Benzina,Hatchback,99 100 km,Rosu,2018,Manuala,"Seat Ibiza 1.0 TSI 2018 Rosu metalizat
- Aer conditionat
- Motor benzina 1L 95CP
- Geamuri electrice fata
-Oglinzi electrice incalzite
-Navigatie cu conectare Carplay si android auto
-Scaune cu reglaj pe inaltime
-Inchidere centralizata
-2 chei tip briceag cu telecomanda inchidere
-Proiectoare  ceata cu functie Cornering light
-Lumini zi
-Senzori parcare spate
-Iso fix
-Priza USBC
-Volan din piele multifunctional
-Faruri cu functia Auto
-Start Stop
-8 airbag uri
-Front assist
-Limitator de viteza
Acte si taxe la zi.Certificat fiscal in limita programului taxe si impozite.Stare tehnica impecabila.Vopsea originala integral
Pt mai multe detalii sunati la 07******09!"
seat,Leon,6 450 €,1 598 cm³,110 CP,Diesel,Break,188 000 km,Negru,2014,Manuala,"* model Germania, unic proprietar in Romania;
* fără accident în istoric, doar revopsiri elemente caroserie pe CASCO efectuate la reprezentanța SEAT pentru incidente minore;
* toate reviziile și reparațiile curente efectuate doar la reprezentanța SEAT(dețin toate facturile) - ultima revizie efectuată in luna august;
* 188.000 KM reali și verificabili la reprezentanța SEAT;
DOTARI(nivel echipare STYLE):
* Culoare negru perlat; geamuri spate + lunetă cu tentă închisă;
* Jante aliaj pe 16;
* Cutie manuală 5 trepte;
* Start&Stop
* ABS, ESP, ASR, EBD;
* AC automat reglabil 2 zone;
* Senzori lumini, ploaie, presiune roți;
* Senzori parcare față/spate;
* Sistem spălare faruri;
* Oglinzi laterale încălzite și reglabil electric; oglindă interioară anti-orbire;
* Geamuri electrice față/spate ce pot fi acționate din cheie;
* Scaune față reglabile și încălzite;
* Cotieră față/spate cu suport pahare;
* Sistem multimedia touch-screen cu navigație și conectivitate bluetooth; USB + AUX;
* Sistem audio Seat Sound cu 8 boxe și subwoofer;
* Pilot automat + limitator de viteză;
* Comenzi volan + comenzi vocale;
Auto nu prezintă defecțiuni tehnice; consum mediu extra - urban 4,5 litri/100 km; urban 7 litri/100 km;"
seat,Leon,12 500 €,1 968 cm³,184 CP,Diesel,Break,241 000 km,Negru,2016,Automata,"Seat Leon Xperience model 2016, DSG 6, euro 6, culoare midnight black, instalație HHO vaporizează oxyhydrogen pe admisie (h2o-impianti-idrogeno.it) 650Euro, 184HP, 4 DRIVE, 241.000KM in crestere, carte service la Seat
Distributie efectuata recent
Revizie cutie/ 4 motion efectuata la 205.000KM
Discuri (textar) fata+spate schimbate
Pachet xperience + pachet technology
5 Moduri de condus - sasiu adaptiv
sistem Sonorizare SEAT SOUND (beats audio) 8 incinte acustice, subwoofer (de fabrica)
navi 3D Europa
hard Intern 80 GB
incalzire In scaune
faruri LED MATRIX adaptive
spalator faruri
suspensie adapativa
android auto
sign recognition
lumini ambientale (alb/roșu)
franare automata de urgenta
volan multifunctional
senzori de parcare
scaune sport
tapiserie alcantara (xperience, extraopt)
start/stop
climatronic
pilot automat adaptiv
bluetooth audio&telefon
oglinzi rabatabile electric
oglinda interioara heliomata
senzor de lumini
senzor de ploaie
pregătire pt cârlig auto(extraopt)
jante xperience R18 + anvelope Hankook
2 chei
Extra:
Camera frontala DVR 70MAI M500 128 gb + modul parcare 150Euro
Instalatie HHO(oxihidrogen), vaporizeaza oxyhydrogen pe adminise, scade consumul si creste puterea cu 20%, arderea este mai eficienta (h2o-impianti-idrogeno.it) 650Euro
Masina functioneaza foarte bine, accept orice test, FARA SCHIMBURI!
Proprietar, ITP valabil pt 16 luni. Revizii efectuate la cel mult 10000km.
Masina se poate viziona in Ploiesti sau Bucuresti.
VIN la cerere."
seat,Toledo,4 550 €,1 590 cm³,105 CP,Diesel,Berlina,260 000 km,Alb,2015,Manuala,"SEAT TOLEDO 4 Proveniență Romănia.
*an fabr. 2015
*1.6 tdi CAYC 105cp
*EURO 5
interior/exterior curat,masina ingrijita.
Accept schimb doar cu Lodgy 7l sau Logan dupa 2017"
seat,Alhambra,7 990 €,1 968 cm³,177 CP,Diesel,Berlina,261 371 km,Maro / Bej,2012,Automata,Seat alhambra 2.L TDI 177cp 5 LOCURI an 2012 Euro 5 Climatronic 4x geamuri electrice oglinzi electrice rabatabile și încălzite esp abs volan reglabil închidere centralizată PANORAMICA carlig remorcare electric 12  x airbag NAVIGATIE comenzi volan Bixenon cutie viteza automata senzori parcare fata spate senzori lumina tempomat auto.hold încălzite în scaune scaun șofer reglabil electric volan piele comenzi volan jante aluminiu cauciucuri m.s noi stare tehnică și optica perfecta carte servis recent adusă nu sau scos numere roșii info o743617391 fără nici un fel de variante pret ușor negociabil posibilitate finanțare rate TBI BANK
seat,Leon,3 990 €,1 590 cm³,105 CP,Benzina,Hatchback,240 717 km,Negru,2011,Manuala,"Vand Seat Leon
An fabricație :12/2011
Km:240XXX(reali 100% , ofer seria de șasiu pentru verificare , dețin raport carvertical )
Motorizare :1.6 MPI 105CP( cel mai fiabil motor , a nu se compara cu 1.4 TSI sau alte motorizări )
Model BI-Fuel(foarte rar):Benzina + GPL de fabrică ( foarte economica ținând cont de prețul redus al GPL-ului, butelie cu capacitate de 49L , a fost înlocuită în 2021, deci este valabilă până în 2031)
Dotări:
-Geamuri electrice față spate
-Oglinzi electrice rabatabile electric , încălzite
-Volan comenzi
-Tempomat
-Senzor de lumină
-Senzor de ploaie
-Computer de bord
-Proiectoare de ceață cu funcția cornering
-Climatronic pe 2 zone
-Unitate audio cu CD,AUX,USB,Bluetooth
-ESP
-Senzori de parcare
-Senzor de presiune in roti
-Geamuri fumurii pe spate
Etc
Mașina în stare perfectă de funcționare , a fost recent adusă în țară , toate actele în regulă pentru înmatriculare .
Nu necesită absolut nicio investiție , se prezintă în stare foarte bună atât tehnic cat și optic .
Nu are deloc rugină la caroserie, nu prezintă scurgeri , fără probleme la motor, direcție sau altele .
La 237000 a fost efectuat schimbul de ulei+filtre , kit distribuție +pompa de apă, bujii , revizie la instalația de GPL ,si discuri + plăcuțe de frâna
Este echipată cu anvelope de iarnă noi .
Accept orice test .
Mai multe detalii la telefon sau în privat .
Preț :3990€ negociabil
Tel:O7526O8O22"
seat,Ibiza,2 700 €,1 390 cm³,85 CP,GPL,Break,184 743 km,Alb,2013,Manuala,"Caroserie break (ST), foarte practică și economică, ideală pentru oraș și drumuri lungi.
Marca / Model: Seat Ibiza ST
An fabricație: 2013
Motor: 1.4 benzina (1390 cm³)
Putere: 85 CP (63 kW)
Combustibil: Benzină + instalație GPL omologată RAR
Cutie: manuală, 5 trepte
Tracțiune: față
Normă de poluare: Euro 5
Kilometraj: 184.743 km
Culoare: alb
Caroserie: break
Aer condiționat funcțional
Geamuri electrice față și spate
Oglinzi electrice și încălzite
Încălzire în scaune
Închidere centralizată
Sistem audio cu radio/CD/Media
Volan reglabil pe înălțime și adâncime
Isofix
Jante aliaj 16” + anvelope bune
Stopuri și faruri Xenon originale Seat
Înmatriculată în România"
seat,Ibiza,2 700 €,1 400 cm³,80 CP,Benzina,Break,180 132 km,Gri,2011,Manuala,"An 2011
1.4 benzina 80 cp
Euro 5
Rulaj 181000 km
Carte de service
Recent adusa
Clima
Central abs esp srs
Sistem audio
Sistem isofix
10 airbag-uri
Geamuri electrice
Oglinzi încălzite și electrice
Volan reglabil
Faruri ceata
Jenti aluminiu
Consum 6% mixt"
seat,Leon,2 200 €,1 698 cm³,140 CP,Diesel,Hatchback,299 000 km,Gri,2007,Manuala,"=Seat Leon  2.0tdi 140cp 2007 EURO4 6+1viteze=
Motor 2.0tdi 1 ax came cod BKD-Cel mai Reușit și Fiabil motor diesel.
- Sistem Multimedia Mp3-AUX;
- Bord COMPUTER/Proiectoare Ceață ;
- Jante Aluminiu Originale Seat 17-Cauciucuri 225 45R17;
-Tempomat-Pilot Automat;
-Volan Piele Multifuncțional-comenzi+SchimbatorPiele;
-Climatronic Dublu-Aer Condiționat Functional;
-1 Cheie tip Briceag/ Suport Pahare;
-Torpedou-Refrigerat-3xpriza 12v bord-portbagaj;
-Bancheta rabatabila fracționata 2/3-Kit rezerva ;
-4XGeamuri ELECTRICE/Oglinzi electrice încălzite;  Senzori Ploaie-Lumina-Presiune Roti;
Istoric Reprezentanta Vw-Seat
Import Germania a venit pe roti și Service la zi.In acte a avut un singur proprietar care a avut foarte mare grija de mașina și de stare ei tehnica.
La cerere se trimite V.I.N.-ul pt verificare Reprezentanta/Carvertical.
Pret Final 2500euro."
seat,Ibiza,5 299 €,999 cm³,75 CP,Benzina,Break,211 km,Gri,2016,Manuala,"Fabricație 2016
Rulaj 211.000 km
Motorizare 1.0i 75 CP
Cutie manuala
Dotari:
Aer condiționat AC
Geamuri electrice față
Închidere centralizată
Servodirecție
ABS / ESP
Airbaguri frontale/laterale
Computer de bord
Sistem MMI touch screen
Sistem audio original Seat
Bluetooth + USB
Volan cu comenzi
Pilot automat
Senzori pneuri
IsoFix
2 Chei
NU ACCEPTAM SCHIMBURI !!!
-AUTOTURISM TESTAT - toate masinile noastre sunt atent verificate si testate
=Va invitam sa faceti un DRIVE TEST=
Se oferă factură fiscală
Se oferă gratuit raport CarVertical
GARANTIE 12 LUNI
GRATUIT numere provizorii.
KM sunt trecuți în factură.
POSIBILITATE DE VÂNZARE ÎN RATE pentru persoane fizice si juridice.
APROBARE CREDIT ONLINE
Aprobarea este rapidă in maxim 2 ore, doar cu BULETIN sau CUI.
Dobânda este în funcție de profilul clientului, începând cu 7,9% pe an  (cu posibilitatea de rambursare anticipată la care dobânda este 0 %)."
seat,Altea,1 500 €,1 575 cm³,105 CP,Diesel,Monovolum,N/A,Negru,2012,Manuala,Vând Seat Altea xl 2012 1.6 TDI euro5 105cp masin nu mai are actele valabile pentru mai multe detalii la telefon
seat,Arona,11 999 €,999 cm³,95 CP,Benzina,Hatchback,93 500 km,Alb,2021,Manuala,"Vand Seat Arona Style facelift an 2021, dotari de top, persoana fizica, masina personala, motor benzina 999 cc, manuala, 93500 km, istoric complet, fara avarii, ultima revizie in februarie 2025, ITP valabil pana in decembrie 2026, prima inmatriculare octombrie 2021, impecabila.
Seat este membra a grupului Volkswagen, cu ADN german si spirit latin , construita pe platforma Volkswagen imparte marea majoritate a componentelor .
NU FAC SCHIMBURI
-Aer conditionat automat bi-zonal
-Airbag-uri frontale pentru sofer si pasager, cu posibilitate de dezactivare airbag pasager
-Airbag-uri laterale pentru sofer si pasager si airbag cortina
-Anvelope Michelin allseasons 205/60 R16
-Bancheta spate cu spatar rabatabil asimetric
-Computer de bord
-Cruise control
-Detector de oboseala
-E-Call (serviciu de asistenta in caz de urgenta)
-Faruri Full LED ""ECO"" cu aprindere automata
-Lumini de zi LED
-Front Assist, cu functie de franare automata in caz de urgenta si avertizare prezenta pietoni
-Hill Hold Control(asistare la demarajul din rampa)
-Lane Assist (asistent mentinere banda de circulatie)
-Media System:
-Full Link Android Auto - Apple CarPlay
- Touch screen color cu diagonala de
8.25” (21 cm)
- Radio cu tuner FM/AM si receptopr digital (DAB)
- Bluetooth (sistem pentru conectare telefon mobil, streaming audio)
- 2 USB tip C
-Monitorizare presiune pneuri
-Oglinzi exterioare actionate electric , incalzite si rabatabil electric
-Proiectoare de ceata cu functie Cornering
-Schimbator de viteze imbarcat in piele
-Sistem Isofix si Top Tether pentru ancorarea a 2 scaune de copii pe bancheta din spate, lateral
-Sistem Start&Stop cu recuperarea energiei la franare
-Sistem de franare automata ""Multi Collision Brake""
-Stergatoare parbriz cu senzor de ploaie
-Volan multifunctional imbracat in piele, cu control pentru computerul de bord, sistemul audio si telefon
-Volan reglabil vertical si axial
-Senzori parcare spate
-Jante aliaj 16"" Design 26/1
-Scaune incalzite"
seat,Alhambra,10 000 lei,1 896 cm³,85 CP,Diesel,Break,381 423 km,Albastru,2004,Manuala,"Vand Seat Alhambra 2004 motor 1.9 TDI 1986 cm3 fiabil si economic Masina are 381423 km si este bine întreținută
Investiti 10.11.2025 3500 lei Ambreiaj nou,Volanta noua,injectoare noi 2 Itp valabil pana la 17.11.2026
Funtioneaza foarte bine porneste la sfert,motor cutie fara probleme suspensie buna interior spatios 7 locuri 4x4 10000 lei"
seat,Exeo,4 300 €,1 984 cm³,200 CP,Benzina,Berlina,190 000 km,Gri,2010,Automata,"Seat Exeo 2010-Berlina
Motor: 2.0 TFSi. 200 CP Benzina
Normă Poluare: Euro 5
Cutie Viteze: Automată, funcționează perfect
Dotări :
INTERIOR:
-Climatizare automată dublu-zonă (Climatronic)
-Volan multifuncțional îmbrăcat în piele
-Cruise control (pilot automat)
-Computer de bord cu afișaj mare
-Geamuri electrice față + spate
-Oglinzi electrice și încălzite
-Scaune sport cu tapițerie textila
-Cotieră față și spate
-Sistem Audio original
-Comenzi Audio pe Volan
-Sistem multimedia, navigație GPS integrată, Bluetooth, USB și suport Android Auto / Apple CarPlay
EXTERIOR:
-Jante Aliaj
-Faruri Xenon
-Lumini de zi
-Proiectoare Ceață
-Senzori parcare
-Oglinzi rabatabile electrice
Alte aspecte:
-Uleiul și filtrele toate schimbate la timp
-Dețin și cauciucurile de iarna cu jante cu tot
-Raport CarVertical la cerere
- Masina se prezintă bine pentru anii ei și trage extraordinar,mai ales dacă ești adeptul mersului
sportiv
-Toate actele la zi și valabile pregătite pentru transcriere
Pentru alte detalii și poze,nu ezitați să mă contactați"
seat,Leon,4 250 €,1 400 cm³,N/A,GPL,Hatchback,227 000 km,Alb,2008,Manuala,"Seat Leon 2008, 1.4 mpi cu gpl montat si omologat in 2019,valabil pana in 2029,  227824Km. Cel mai economic si bun motor,stare foarte buna,vopsit integral in 2023, geamuri electrice,servo direcție,placute,ulei,distribuție schimbate la inceputul anului,anvelope m+s in stare foarte buna,clima functionala ,masina ARATA si MERGE impecabil
ITP si asigurare valabile,proprietar,ofer fiscal!!
Masina NU se vinde fara perfectuarea actelor
Nu accept nici un fel de schimb
Preț negociabil in LIMITA bunui simt"
seat,Toledo,10 800 €,1 600 cm³,116 CP,Diesel,Berlina,70 000 km,Alb,2018,Manuala,"Seat TOLEDO 1,6 TDI 2018 , 70000 de km reali reali revizii facute an reprezentanta masina absolut impecbila , diesel 116 cp , comezi pe volan , jenti aluminiu cauciucuri noi huse scaune covoare cauciuc inclusiv an porbagaj ,set de cauciucuri noi cu jante cu tot pentru iarna , senzori de parcare , camera de bord , distibutie schimbata etc multiple optiuni , masina care nu mai are nevoie de nici o investitie"
seat,Cordoba,3 500 lei,1 896 cm³,101 CP,Diesel,Berlina,240 000 km,Albastru,2003,Manuala,"E în stare bună, putem discuta la telefon pentru detaliil, ofer fiscal"
seat,Leon,6 750 €,1 598 cm³,110 CP,Diesel,Break,214 000 km,Gri,2014,Manuala,"Vans Seat Leon
1.6 TDI 110 cp euro 6 fără adblue
An 2014
214000 km
Cutie viteze 6+1
Full led faruri și triple
Lumini automate
Dublu climatronic funcțional
Car play,navigație full Europa,bluetooth,Aux,USB
Geamuri electrice față și spate
Oglinzi electrice,încălzite și pliabile
Asistență unghi mort
Pilot automat
Start stop
Interior piele și alcantara
Isofix
Volan și schimbător piele
Cotieră
Ștergătoare automate
Jante aliaj
Senzori presiune roți
Senzori parcare față și spate
Proiectoare ceață
Geamuri cu tentă din fabrică
Cârlig remorcare
Închidere centralizată
Import recent Olanda
Se pot scoate numere roșii pentru 90 zile
Stare ireproșabilă"
seat,Leon,3 490 €,1 390 cm³,86 CP,Benzina,Berlina,175 050 km,Negru,2011,Manuala,"Seat Leon 1.4MPi
•	Fabricatie: 2011
•	Norma poluare: Euro 5
•	Capacitate: 1390CMC
•	Putere: 86CP
•	Carburant: Benzina
•	Cutie manuala 5+1
•	175050KM
•	Carte service
•	Airbaguri, ABS, ESP
•	Servo directie
•	Computer de bord
•	Geamuri electrice
•	Aer conditionat
•	Navigatie + USB
•	Inchidere centralizata / 2cheii
•	Volan multifuncțional
•	Proiectoare ceata
•	Senzori de parcare
•	Oglinzi electrice/încalzite
•	Jante aliaj cu Anvelope bune
•	Consum redus și costuri de întreținere minime
•	Interior velur ingrijit si curat
•	Scaune reglabile inaltime/lombar
•	ISOFIX - Prindere scaun bebelusi
•	Stare tehnica si optica foarte buna
•	Accept absolut orice test autorizat
•	Recent adus din Germania
•	Ofer toate actele pt. inmatriculare
•	Ajut la obtinere nr. Rosii si inmatriculare
•	La cerere asigur transport pe platforma"
seat,Leon,4 350 €,1 600 cm³,105 CP,Diesel,Hatchback,225 000 km,Alb,2012,Manuala,"Masina a fost cumparata de la privat de acasa si se afla intr-o stare foarte buna atat tehnic cat si estetic, caroseria arata foarte bine si nu are rugina ,interiorul este foarte curat si ingrijit, motorul este de 1.6 Diesel 105 cp si functioneaza perfect.
Nu s-au scos numere roșii !
Nu fac schimb !
DOTARI
dublu climatronic
comenzi volan
bluetooth, usb, card
computer mare de bord
pilot automat
geamuri electrice
oglinzi electrice si incalzite
geamuri colorate spate
proiectoare ceata
jante aliaj
2 chei
roata rezervă
etc"
seat,Leon,3 990 €,1 600 cm³,105 CP,Diesel,Hatchback,231 000 km,Alb,2012,Manuala,"Masina a fost cumparata de la privat de acasa si se afla intr-o stare foarte buna atat tehnic cat si estetic, caroseria arata foarte bine si nu are elemente revopsite, rugina sau zgarieturi, interiorul este foarte curat si ingrijit, motorul este de 1.6d 105 cp si functioneaza perfect.
La masina nu s-au scos numere rosi, se pot scoate 3 seturi a cate 30 de zile, numerele de pe masina sunt doar pentru poze.
DOTARI
dublu climatronic
comenzi volan
bluetooth, usb, card
computer mare de bord
pilot automat
geamuri electrice
oglinzi electrice si incalzite
geamuri colorate spate
proiectoare ceata
jante aliaj cu cauciucuri de iarna
Mai multe detali la telefon"
seat,Ibiza,6 700 €,1 896 cm³,131 CP,Diesel,Coupe,N/A,Argintiu,2004,Automata,"Seat Ibiza 6L FR 1.9 tdi ASZ DSG DQ250
An 2004
Kit Cupra
Frâne Alfa Romeo 4 pistonase 323mm
Jante R17 Alfa Romeo cu anvelope Kumho vară noi
Turbo 3.0
Trasee aluminiu
Intercooler Darkside
Downpipe + evacuare 70mm
Mașina dezvoltă 250 cp
Admisie de cupra cu filtru K&N în carcasă.
Arcuri H&R cu amortizoare Bilstein B4
Insonorizată complet
Faruri cu lupă
Interior de Cupra 6J
Este în stare foarte bună
Mai multe detalii în privat
Se poate vedea în Craiova."
seat,Ibiza,3 350 €,1 200 cm³,75 CP,Diesel,Break,258 000 km,Negru,2013,Manuala,"-= Fabricatie Seat Ibiza 2013 import Germania =- Euro 5
-= Motor 1.2 Diesel 75 CP =-
-= Cutie Manuala 5+1 Trepte =-
-= Numar Km 258000 Reali =-
* Navigatie
* Climatronic Functional
* Tehnologie Ecomotive
* Scaune Reglabile
* Tapiterie in 2 Culori
* Volan Piele Reglabil
* Computer Bord Diferite Funcții
* Cotiera Fata
* Torpedou Refrigerant
* Bluethooth
* AUX IN - MP3
* Geamuri Electrice fata
* Oglinzi Electrice Incălzite //
* ABS, ESP, Servodirectie
* Senzori de Parcare Spate
* Jante Originale R15
* Anvelope de iarna Noi dot 2023
* 2 Chei Originale
-= Masina Arata si Merge Impecabil =-
-= Nu sau scos Nr Rosii se poate scoate 3 rânduri
Pret Usor Negociabil, Fara Variante!
Preț 3699 EUR"
seat,Leon,6 650 €,1 598 cm³,110 CP,Diesel,Break,228 600 km,Negru,2015,Manuala,"Seat leon ecomotive sport lease
Motor 1.6 tdi 110 cp
Cutie viteze manuala 6+1
Cotiera fata/spate
Climatronic functional 3zone
Culoare negru
Fabricatie decembrie 2014
Interior sport piele cu alcantara impecabil.
Km 228600 reali  cu facturii ofer carvertical la cerere. Fara accident în istoric.
Faruri Full LED matrix
Daylight/stopuri led
Luminii de zi led
Sistem mutimedia navigatie 3D harti romania
Conectare Bluetooth usb/aux telefon
Pilot automat
Comenzi volan/comanda vocala
Computer bord
Maxidot color
Normal de poluare Euro 5
Inchidere centralizata
Start/stop semafor
4geamuri electrice
Asistenta la schimbarea treptelor.
Oglinzi electrice incalzite rabatabile
Proiectoare ceata
Senzori ploaie /lumina/pneuri
Senzori parcare fata/spate cu afisaj
Coming home/living home
Jante 16 impecabile cu anvelope iarna
Roata rezerva
Carlig remorcare detașabil
Stare estetica si tehnica foarte buna
Toate dotarile sunt functionale
Numere rosii valabile 3luni pana pe 24/12
Rar efectuat.
Distributie schimbata recent la 205000km cu factura .
Revizie facuta recent 500km cu factura .
Se oferta toate actele in vederea inmatricularii
Pret negociabil la fata locului.
Fara schimburi !!!"
seat,Altea,2 650 €,1 900 cm³,105 CP,Diesel,Hatchback,290 500 km,Argintiu,2008,Manuala,"Seat Altea 1.9 diesel AF 2008.Clima, geamuri și oglinzi electrice,scaune încălzite,radio cd,abs, servo, închidere centralizată ,2 chei.jante aliaj+ un set de iarnă,cirlig remorcare,mai multe detalii la telefon 07******07"
seat,Ibiza,4 000 €,1 390 cm³,85 CP,Benzina,Hatchback,125 133 km,Negru,2012,Manuala,"Seat Ibiza 6J
An fabricație: 2012
Motorizare: 1.4/85 CP/BENZINĂ
Normă poluare: Euro 5
Transmisie: manuală, 5+1 trepte
Kilometraj: 125.133
Dotări:
- Aer condiționat  manual;
- Geamuri electrice față;
- Oglinzi laterale reglabile;
- Închidere centralizată;;
- Încălzire scaune față;
- Sistem audio original Seat (radio, CD, AUX-IN);
- Direcție asistată electric;
- ABS, ESP;
- Airbag-uri frontale (șofer, pasager);
- Jante cu anvelope de vară, jante cu anvelope de iarnă noi;
- Înmatriculat RO, proprietar în acte, ITP valabil până în noiembrie 2026;
- Distribuție, discuri de frână, plăcuțe și filtre schimbate;
- Mici probleme caroserie evidențiate în imagini.
Nu sunt interesat să fac schimb de autoturisme. Doresc să vând acest automobil întrucât nu mai folosim a doua mașină."
seat,Exeo,4 500 €,1 968 cm³,143 CP,Diesel,Berlina,253 000 km,Alb,2009,Manuala,"DE VÂNZARE
Seat Exeo,motorizare common rail,2.0 TDI
253 000 km în creștere.
Fabricație 2009.
Primul și singurul proprietar în România,autoturismul l am cumpărat în 2012 din Germania având la bord 112000 de km.
Funcționează ireproșabil,fără nici un defect.
Mici zgârieturi și urme normale de uzură.
Nu s-a fumat niciodată în autoturism
Dotări:
-2.0 TDI-143 cai putere
-cutie viteze manuală 6 trepte
-Senzori de parcare față+spate,senzor de ploaie,senzor de presiune anvelope,senzor oglindă retrovizoare antiorbire din spate.
-Faruri cu bi-xenon cu folie de protecție și semnalizare cu impuls
-Proiectoare ceață
-Jante R16 aluminiu originale Audi cu anvelope 205/55/r16 de iarnă dot 2022,în stare foarte bună.
-Oglinzi încălzite,pliabile electric din buton ușă șofer
-4 geamuri electrice,se deschid și se închid din cheie,cele din spate cu folie neagră omologată
-jaluzea electrică lunetă
-alarmă de fabrică,buton activare/dezactivare ușă șofer+închidere centralizată
-7 airbaguri,cortine laterale pe toată lungimea mașinii
-cotieră față cu spațiu de depozitare
-cotieră spate cu spațiu de depozitare,2 suporturi de pahare și sac pt schiuri incorporat
-interior din piele neagră
-scaune sport față reglabile manual înălțime+lombar
-încălzire scaune față pe 6 trepte
-bancheta spate rabatabilă secvențial
-navigație aftermarket cu hărți gps,mp3,mp4,bluetooth,hotspot etc
-dublu climatronic (freon schimbat 2025)
-pilot automat cu accelerare și decelerare din manetă
-Pachet crom geamuri+grilă față
-Volan din piele cu comenzi,reglabil pe înălțime și adâncime
-La sfârșitul anului 2024 am schimbat kitul de bucse(toate bucșele),cele 4 telescoape,ulei+filtre,ștergătoare parbriz bosch (total peste 4 mii de lei)
-anvelope de iarnă dot 2022 în stare foarte buna
-roata de rezervă,2 triunghiuri,trusa medicală,extinctor,cric,trusa de schimbat roata,antifurt roți.
Prelungire bară față Seat Leon Cupra
Dpf anulat
Accept orice test în service autorizat
PREȚ 4500 Euro negociabil
Tel:07******05"
seat,Tarraco,15 900 €,N/A,150 CP,Benzina,SUV,191 400 km,Negru,2020,Automata,"Înmatriculată în Octombrie 2025
Dotări de top
Acoperiș
Bară longitudinală
Aer condiționat
Automat
Ajutor la parcare
Senzori spate
Echipament de tractare
Cârlig de remorcare
Ferestre
Electrică față
Spate electric
Infotainment
Android Auto
Apple CarPlay
Bluetooth
Sistem de navigație
Lumini
Faruri - Faruri cu LED
lumini de reglare a intensității luminoase cu LED spate
Lumini de zi
Oglindă interioară cu reglare automată a intensității luminoase
Oglinzi încălzite
Oglinzi rabatabile electric
Oglinzi reglabile electric
Reglarea automată a intensității luminoase
Roți
Jante din aliaj
Sistem de monitorizare a presiunii în pneuri
Scaune
Scaune spate divizate
Tapițerie - Pânză
Sisteme de siguranță
ABS
Airbaguri
Asistent de frânare de urgență
Asistent pentru controlul benzii de rulare
Asistent pornire în rampă
Cockpit digital
Control de croazieră
Senzor ploaie
Sistem de alarmă
Uși
Pornirea motorului fără cheie
Volan
Multifuncțional
Piele
Reglare manuală
Altele
Cotieră
Servodirecție
Sistem Start & Stop
Vopsea metalizată"
seat,Ibiza,3 250 €,1 200 cm³,75 CP,Diesel,Hatchback,280 000 km,Negru,N/A,Manuala,"Seat Ibiza 2010.In stare foarte buna din toate punctele de vedere.Foarte bine intretinuta, totul schimbat la timp, toate actele la zi.Totul functional, fara vreun defect ascuns.Motor 1.2 Diesel.Detalii si informatii la telefon."
seat,Leon,7 199 €,1 600 cm³,110 CP,Diesel,Hatchback,226 500 km,N/A,2015,Manuala,"VAND Seat Leon 1,6 tdi 110CP 6+1 viteze , euro 5 , fabricație:01-2015, km: 226500 cu carte service și facturi , dublu klimatronic, scaune încălzite , navigație ( harta Ro), ABS , ESP , start stop , 8 airbag , bluetooth, CarPlay, radio cd , volan piele + comenzi volan, pilot automat , Lane asist, tapițerie piele , cotieră față - spate , alarmă , 4 geamuri electrice, oglinzi electrice încălzite + heliomate , oglinzi rabatabil electric din cheie și buton , computer bord , geamuri ionizate fabrică , senzori : ploaie , lumini , presiune roți , parcare față - spate. Faruri Matrix, full led față - spate , lumini ambientale , cârlig tractare detașabil, proiectoare , 2 chei, jante originale Seat pe 17 cu cauciucuri vară noi ( dot 19/2025 ). NU BATE VOLANTA, PREȚ UȘOR NEGOCIABIL, FĂRĂ PROBLEME, FĂRĂ SCHIMBURI !!! Mașină adusă din Olanda !"
seat,Leon,3 800 €,1 800 cm³,180 CP,Benzina,Hatchback,180 000 km,Negru,2011,Manuala,"Vand seat Leon din 2011, motor 1.8 tsi, cutie manuala 6 trepte, dublu climatronic, pilot automat, scaune sport, senzori presiune roti, radio cd cu mp3, ...etc
Masina a fost adusa din germania anul acesta si a beneficiat de revizie completa ( distributie, pompa de apa , ulei - filtru, compresor AC, discuri frane si placute, baterie noua detailing) astfel incat cumparatorul va putea doar sa se bucure de o masina perfecta din toate punctele de vedere. Se pot scoate numere rosii, pot ajuta cu imnatricularea pe romania.
Km sunt reali, istoricul este curat !!!"
seat,Cordoba,1 800 €,1 900 cm³,N/A,Diesel,Berlina,380 000 km,Albastru,2004,Manuala,"Din punct de vedere estetic, masina prezinta urme normale de uzura pentru varsta ei si cateva zone cu rugina. Pot oferi fotografii suplimentare la cerere. Daca nu raspund la telefon, va rog sa lasati un mesaj si voi reveni eu catre dvs.
Din punct de vedere mecanic este impecabila (10/10). Am calatorit cu ea pana in Italia de mai multe ori fara probleme – este o masina fiabila, potrivita pentru orice distanta/naveta.
Au fost facute recent mai multe investitii: baterie noua (500 lei), cauciucuri noi (1500 lei), distributie schimbata (1500 lei), schimb de ulei (500 lei), placute de frana noi, arcuri spate noi, inaltatoare spate, plus revizie completa pentru directie si geometria rotilor. Masina a fost mereu intretinuta corespunzator si pregatita pentru drum.
O vand doar pentru ca am nevoie de un autoturism mai mare. Nu doresc schimburi. Pretul este negociabil si poate fi discutat doar la fata locului. Multumesc pentru intelegere si va rog sa nu deranjati inutil. Mai multe detalii la telefon."
seat,Exeo,5 000 €,2 000 cm³,143 CP,Diesel,Berlina,239 000 km,Negru,2009,Manuala,"Salut!
Vând sau schimb(cu  Bmw) Seat Exeo 2.0 TDI 143 CP (Euro 5) un sedan spațios și elegant, construit pe platforma tehnică super-fiabilă a modelului Audi A4 B7.
Este mașina perfectă de familie, pregătită integral pentru drumuri lungi și sezonul de iarnă, fără nicio cheltuială ascunsă.
​Punctul Forte: A fost o mașină de suflet în care s-au investit sume considerabile în revizii și înlocuirea pieselor consumabile. Practic, primești o mașină cu istoric de mentenanță transparent și majoritatea componentelor cheie noi.
​ Investiții și Mentenanță (Fără Compromisuri!):
​Mașina nu a fost doar întreținută, ci recondiționată pentru a elimina orice problemă cunoscută a modelului.
• ​Distribuție Completă NOUĂ: Dayco (generație nouă cu teflon), pompă de apă și antigel schimbate recent.
• ​Ambreiaj NOU: Înlocuit integral cu aproximativ 8.000 km în urmă.
• ​Revizie Completă (Acum 3.000 km): Ulei 5W40 DPF-Diesel + Toate filtrele (aer, polen, combustibil, ulei).
• ​Sistem de Frânare: Plăcuțe față-spate TRW schimbate.
• ​Anvelope NOU-NOUȚE (DOT 2024): Set complet M+S 225/45/17 – gata de orice vreme.
• ​Sistem DPF Activat și Curat: Filtru de particule activ, cu regenerări făcute la timp. Admisie curățată complet (fără probleme la clapete).
• ​Piese Noi Originale: Display bord, buzzer avertizare centură, motoraș deschidere capac combustibil.
Aceste dotări transformă fiecare drum într-o plăcere:
• ​ Me/Wait For Me Home"" din fabrică (la buton) pentru siguranță sporită noaptea.
• ​Confort Climatic: Dublu climatronic perfect funcțional și igienizat.
• ​Manevrabilitate: Oglinzi electrice cu funcție de rabatare automată.
• ​Siguranță Familie: Banchetă spate fracționabilă cu sistem ISOFIX și alarmă cu asistență la tractare.
• ​Estetică: Jante de aliaj elegante (cu senzori de presiune) și geamuri electrice cu modul confort.
​ Date Tehnice:
• ​Motorizare: 2.0 TDI (CAGA), 143 CP, Euro 5
• ​Kilometraj: 238.XXX km (în creștere, mașina circulă zilnic)
• ​Serie Șasiu (VIN): VSSZZZ3RZ9R003748
​Preț: 5000 Euro  negociabil
​De ce să o cumperi? Pentru că primești o mașină din segmentul premium, cu costuri de întreținere accesibile, fără să fii nevoit să investești mii de lei în revizii esențiale. O mașină pregătită 100% să te ducă oriunde.
​Contact: 07********70
​Rog seriozitate. Mașina poate fi vizionată în Botoșani."
seat,Leon,8 250 €,1 998 cm³,150 CP,Diesel,Break,195 467 km,Gri,2016,Manuala,"* Seat Leon FR
* Motorizare 2.0 TDI/150 CP
* Echipare Full FR
* Kilometraj 198547
* Cutie manuala 6 Trepte
* Norma de poluare Euro 5
Dotari:
* Senzori lumini
* Senzori ploaie
* Senzori presiune roti
* Senzori parcare fata/spate cu afisaj si Park Pilot
* Interior piele alcantara + piele
* Jante aliaj R18
* Navigatie mare cu touchscreen
* Ipod connection
* USB connection
* Computer bord
* Dublu Climatronic
* 4 Moduri de condus Sport/Confort/Individual/ECO
* Faruri FULL LED MATRIX
* Schimbare faza lunga/faza scurta AUTOMAT
* Stopuri spate full LED
* Pilot Automat
* Oglinzi electrice/incalzite/heliomate
* Jeturi spalatoare parbriz incalzite
* Bord Multifunctional
* Incalzire in scaune
* Interior sport cu Cusatura rosie
* Lumini Ambientale USI si picioare pasageri
* Recent înmatriculat"
seat,Ibiza,600 €,N/A,N/A,N/A,Berlina,N/A,N/A,N/A,N/A,"Seat ibiza
1.2 cu gpl
2003
220.000km
Ac,servo,geamuri electrice
Mai multe detalii la telefon"
seat,Tarraco,19 500 €,1 997 cm³,150 CP,Diesel,SUV,263 000 km,Verde,2019,N/A,"Seat Tarraco Diesel 2019
Bord plasma digital
Padele Volan
Comenzi volan
Line assist
Distronic
Oglinzi rabatabil electric
Keyless go
Keyless entry
4x4
Faruri led automate
Panoramic
Climatronic fata
Climatronic spate
Carlig remorcare
Porbagaj electric
Navigatie
150 cai
etc…
Pret Fix"
seat,Leon,3 500 €,1 958 cm³,170 CP,Diesel,Berlina,271 575 km,Gri,2007,Automata,"Vând Seat Leone 2007 TDI 2.0 automata, mașina înmatriculată Ro, mașină functionabila cu ITP valabil
Dotării:Geamuri electrice
Închidere centralizata din telecomandă
Senzori ploaie
Scaune încălzite șofer si pasager
Navigație originala cu magazie CD
Masina funcționează in parametri normali, Mici defecte vizuale plafon lăsat, închidere portbagaj. Mai multe detalii la telefon si la vizionare."
seat,Alhambra,3 700 €,1 900 cm³,116 CP,Diesel,Monovolum,330 000 km,Gri,2009,Manuala,"Se vinde Seat Alhambra 1.9 tdi
Cod motor bvk( fara filtru de particule)
Euro 4
An 2009
Km 330 000 reali ( in crestere)
116 cp
Functioneaza perfect ,fara probleme. Schimburi facute la termen,notate in carnetel.
Dotari:
Senzori parcare
Incalzire scaune
navigatie
comenzi volan
tempomat (pilot automat)
dublu climatronic
inmatriculata.
Motivul vanzarii: nu imi plac masinile mari ,vreau sa imi iau ceva combi si an mai nou.
Mai multe detalii la telefon sau pe WhatsApp
07******62"
seat,Alhambra,7 790 €,1 968 cm³,170 CP,Diesel,Monovolum,300 000 km,Negru,2015,Automata,"Seat Alhambra 7 Locuri DSG 170 CP
Motorizare 2.0 Diesel 170 CP
Cutie Automata DSG
Masina este in stare perfecta atat tehnic cat si estetic
Interior ingrijit si nedeteliorat
Pachet Chrome Interior Exterior
DOTARII
-Bluetooth
-Radio
-Sistem hands-free
-Port USB
-Sistem navigatie
-Monitor cu touch screen
-Climatronic 3 zone
-Jaluzele manuale geamuri spate
-Scaun sofer ajustabil electric
-Cotiera (fata)
-Volan piele
-Volan multifunctional
-Schimbator viteze piele
-Senzor ploaie
-Geamuri electrice fata
-Geamuri electrice spate
-Incalzire scaune
-Pilot automat
-Parbriz cu incalzire
-Camera video spate
-Oglinzi ionizate
-Oglinzi exterioare incalzite
-Oglinzi exterioare rabatabile electric
-Lumini de zi
-Lumini LED exterioare
-Faruri Day Light Led
-Faruri Bi Xenon Adaptiv
-Faruri ceata
-Stopuri LED
-Follow me home
-Sistem Start/Stop
-Frana parcare electrica
-Asistenta Auto Hold
-Usi culisante
-ABS
-ESP
-Jante aliaj 16 dotate cu cauciucuri iarnă foarte bune
-Airbag sofer
-Airbag scaun pasager
-Airbag genunchi pasager
-Airbag-uri cap fata
-Airbag lateral sofer si pasager
-Airbag-uri cap spate
-Isofix"
seat,Leon,4 200 €,1 400 cm³,125 CP,Benzina,Hatchback,170 000 km,Gri,2010,Manuala,"Vând Seat leon 2010 1.4 tsi
Dublu climatronic
Pilot automat
Faruri bi-xenon adaptiv
Geamuri electrice
Închidere centralizată
170000 km reali
Jante aliaj r17
Cauciucuri noi de iarnă
Unic proprietar România
Impecabila fără defecte
Revizie recent efectuată"
seat,Ibiza,3 790 €,1 396 cm³,90 CP,Benzina,Hatchback,200 000 km,Alb,2012,Manuala,"Seat Ibiza 1.4 MPI Hatchback , Impecabila !
Motorizare 1396 Cmc Benzina 90 Cp Euro 5
Transmisie Manuala 5+1 Trepte
An Fabricatie 02/2012
Km 276.000
Computer Bord
Geamuri Electrice Fata
Piilot Si Limitator Automat
Volan Sport Piele Reglabil
Radio CD Original Seat Cu AUX
Comenzi Sub Volan
Climatronic Functional
Proiectoare Ceata
Senzor Temperatura
Airbaguri frontale si laterale
Sistem ISOFIX
Banchete Spate Reglabile,Fractionabile , Rabatabile
ABS, ESP
Servodirectie
Oglinzi Reglabile Electric + Incalzite + Pliabile
Cotiera Fata
Inchidere Centralizata
Manere exterioare In Culoarea Masinii
Jante Aliaj R15 Originale Seat Cu Anvelope Vara
Jante Tabla Cu Anvelope Iarna !
Scaune Fata Reglabile Pe Inaltime Si Lombar
Consum Redus De Carburant cc 4,5 % /km
Impecabila Tehnic Si Optic !
Fara Probleme Mecanice , Fara Probleme La Motor !
Import Recent Germania !
Mai Multe Detalii Si Poze La Telefon !
Pret Usor Negociabil In Limita Bunului Simt !"
seat,Ibiza,2 350 €,1 400 cm³,85 CP,Benzina,Coupe,160 242 km,Alta culoare,2012,Manuala,"FĂRĂ SCHIMBURI FĂRĂ DEFECTE
FĂRĂ MESAJE KM ABSOLUT REALI
Se Vinde Seat Ibiza 2 Facelift Fab 2012 Euro 5 Motor 1400 Benzină Mpi Clasic 86 Cai Fără Turbo
Motoru Și Cutia Funcționeaza Perfect Recent Adusa În Țară Cum Se vede In Poze Reale Se poate Scoate Numere Roși Pe Loc Dețin Toate Actele În Regula
Climă Climatic Funcțională Ok
Torpedou frigorific
Închidere centralizata din cheie
Servo direcție electrică
Geamuri electrice față
Radio cd mp3 original
Comenzi volan
Volan reglabil
Abs esp Isofix copii
6 Airbag-uri
2 Suport pahare
2 Chei
Faruri reglabile
Faruri automate
Scaune reglabile
Bancheta rebatabila
Porbagaj mare și curat
Cauciucuri Foarte bune
Jante de aluminiu frumoase
FĂRĂ ERORI APRINSE IN BORD ARE KM ABSOLUT REALI CU CARTE SERVIS UNIC PROPRIETAR IN ACTE SE POATE VERIFICA"
seat,Leon,3 200 €,1 400 cm³,122 CP,Benzina,Hatchback,167 000 km,Negru,2012,Manuala,"Sear Leon euro 5
168.000km reali
Mașina este în stare perfectă, adusă acum din Germania, km reali, accept orice test service.
Opțiuni:
Motor 1,4 Tsi benzina 125 cp, euro 5
Cutie manuală 6 +1 trepte
Dublu Climatronic
Încălzire în scaune
Pilot automat
Computer de bord
Asistentă la plecarea din pantă
Parktronic
Oglinzi reglabile electric, încălzite și rabatabile electric din cheie la închidere
Senzori ploaie
Senzori lumini
8 air-bag
Abs
Esp
Geamuri electrice față și spate
Volan reglabil de piele cu comenzi
Radio cd original cu intrare USB și bluetooth
Jante aliaj originale Seat echipate cu anvelope aproape noi."
seat,Leon,11 650 €,2 000 cm³,150 CP,Diesel,Break,191 000 km,Negru,2018,Automata,"Vând seat Leon Experience.2018.
Auto.Full optin.  X-PERIENCE.4 DRIVE(4×4)Cutie automată 7+1.Lumini abientale usi+podea.originale mai multe culori.Buton pornire.camera mansalier,padele volan,etc...Ulei cutie+motor schimbate recent.itp efectuat.Matriculat Ro. 2ani.Auto pt.pretentiosi.Mai multe informați la tel.07******00"
seat,Ibiza,5 290 €,999 cm³,90 CP,Benzina,Hatchback,171 000 km,Argintiu,2018,Manuala,"Seat Ibiza TGI
An fabricație 2018
Motor 1.0 TGI benzină/CNG, 90 CP
EURO 6
Cutie manuală
Aer condiționat
Navigație mare , ecran 8""
Apple CarPlay , Android Auto
Geamuri electrice
Oglinzi electrice
Senzori lumină / ploaie / presiune roți
Radar ACC , cruise control
Avertizare distanță între mașini / pericol / oboseală
Comenzi volan
Asistență plecare din pantă
Start-Stop
USB / AUX / Bluetooth
Jante aliaj 15""
171 000 KM
Mașina arată și funcționează impecabil, nerulată in România, nu s-au scos numere roșii , posibilitate transport pe platformă.
SE ACCEPTĂ ORICE TEST"
seat,Toledo,6 590 €,1 598 cm³,105 CP,Diesel,Berlina,215 800 km,Negru,2013,Manuala,"Seat Toledo
~An fabricație:16.04.2013
~Motorizare:1.6 Diesel
~Putere:105 CP
~Cutie de viteze manuală 5+1
~215.800 km (din hârtii TUV doveditoare ,la cerere ofer seria VIN)
Dotări
•Climatronic
•Navigatie mare originala ""SEAT""
•Incalzire in scaune
•Start/Stop
•USB/AUX/Bluetooth/Media IN
•Senzori de parcare
•Senzori de ploaie
•Senzori de presiune in anvelope
•Pilot Automat
•Cotiera auto față -spate
•Oglinzi electrice încălzite
•Geamuri electrice față -spate
•Volan din piele reglabil cu multiple comenzi
•Interior textil in 2 culori
•Banchete cu prindere ""ISOFIX""
•Jante de aliaj originale ""SEAT""
•Proiectoare de ceață
•Inchidere Centralizată
•2 chei
Mașina se prezintă in stare impecabilă atât estetic cât și mecanic .
Interior deosebit de îngrijit,mașina de nefumători.
Distribuția a fost înlocuită la 185000 km.
Se pot scoate numere roșii valabile 90 de zile.
Mai multe detalii la telefon."
seat,Ibiza,8 000 lei,1 390 cm³,85 CP,Benzina,Hatchback,236 043 km,Rosu,2007,Manuala,"Seat Ibiza 2007 – 1.4 Benzină – Stare bună
Vând Seat Ibiza fabricat în 2007, motor 1.4 benzină, economic și fiabil.
Kilometraj real: 236.043 km.
Mașina este întreținută corespunzător și funcționează.
Lucrări făcute recent:
•	Distribuție schimbată
•	Discuri și plăcuțe de frână noi
Interior și exterior în stare bună, fără probleme ascunse. Pregătită pentru utilizare imediată.
Preț: 8000 Ron"
seat,Exeo,5 650 €,1 800 cm³,150 CP,Benzina,Berlina,185 000 km,Alb,2012,Manuala,"Seat Exeo
2012
1.8 tsi benzina
Euro 5
185 mii km, maisina si functioneaza conform km..
Suspensie sport soft,
Jante r18
Exterior tuning
Clima, geamuri , oglinzi electrice si pliabile, perdeluța lunetă, xenon, day licht, stop led, MMi , pilot automat, alarma fabrica, este impecabila..
Scos nr rosi pe 1 luna, se mai poate scoate pe 2 luni.
Ulei si filtre, placute frana,  schimbate in service autorizat
Pt mai multe detalii sunati ..
Tel 07********16"
seat,Leon,11 600 €,2 000 cm³,184 CP,Diesel,Hatchback,274 000 km,Negru,2014,Manuala,"De vânzare: Seat Leon FR 5F – 2.0 TDI 184 CP – Motor recondiționat complet
Kilometraj: 274.000 km (mașina este folosită zilnic)
Cod motor: CUPA
Motor recondiționat complet la 260.000 km
Carte service completă, schimb de ulei la fiecare 10.000 km (ulei premium)
⸻
Dotări:
•	Pachet FR – scaune sport Alcantara, volan sport din piele multifuncțional, suspensie sport
•	4 moduri de condus: Normal / Sport / Eco / Individual
•	Sistem audio Seat Sound + subwoofer original în portbagaj
•	Navigație mare touchscreen
•	Climatronic dublu, scaune încălzite, oglinzi încălzite și reglabile electric
•	Tempomat, Lane Assist, senzori parcare față-spate
•	Auto Hold, Follow Me Home / Leave Me Home
•	Faruri LED / Matrix, stopuri LED
•	Iluminare ambientală interioară
•	2 chei originale
⸻
Roți:
•	Vară: jante 18” cu anvelope Dunlop Sport Maxx noi
•	Iarnă: jante 16” cu anvelope Firestone
⸻
Stare tehnică:
•	Downpipe (fără catalizator și filtru DPF)
•	EGR eliminat din soft (EGR off)
•	Echipat cu tobă sport Turboworks Inox
•	Motor complet recondiționat, nu consumă ulei, fără erori
•	Suspensie, cutie și frâne în stare excelentă
•	Mașină îngrijită, fără investiții necesare
Kit RamAir filtrare sport complet (conducte + filtru) – neinstalat, dar se oferă cu mașina
⸻
Mașină foarte bine întreținută, fără probleme și plăcută la condus!
Detalii suplimentare la telefon sau mesaj privat."
seat,Ateca,11 490 €,999 cm³,115 CP,Benzina,SUV,85 000 km,Alb,2018,Manuala,"Seat Ateca 2018 Style
Primul proprietar în România
Import Germania, un singur proprietar anterior.
Mașina persoanală, cumpărată din Germania în urmă cu 2 ani la 64000km.
Dotări :
Faruri Automate
Camera Marșarier
Senzori de Parcare Spate
Haion electric
Scaune încălzite
Interior alcantara
Frană electrică și funcție Hold.
Asistență în rampă.
Apple CarPlay și AndroidAuto prin cablu.
Toate sistemele de siguranță
Jante R17 de iarnă cu anvelope aproape noi.
Mașina are toate reviziile la zi.
Pentru alte detalii, vă rog să mă contactați la numărul de telefon afișat."
seat,Ateca,11 800 €,1 998 cm³,1 500 CP,Diesel,SUV,302 000 km,Gri,2016,Manuala,Seat Ateca 2016 4 drive full led senzori lumini ploaie lane assist front assit unghi mort lumini ambientale incalzire scaune navi mare app car play sitem audio profesional plafon negru camere 360 deschidere porbagaj cu piciorul keyless start stop 2 chei distribuite schimbata la 292000 km ulei filtre  schimbate de 400-500 km carlig remorcare  electric … masina se vinde cu setul de jante pe 17 care au anv noi de vara si anv bune se iarna  cele din imagini sunt contra cost se ofera fiscal la zi!
seat,Ibiza,11 500 €,999 cm³,110 CP,Benzina,Berlina,35 250 km,Alta culoare,2021,Manuala,"Seat ibita 2021, 1.0TSI ,35250km masina are doua seturi de cauciucuri vara ,iarna.
Masina este in stare perfecta"
seat,Leon,3 200 €,1 400 cm³,125 CP,Benzina,Hatchback,211 300 km,Gri,2010,Manuala,"Vând Seat Leon fabricație 2010, echipata cu senzori parcare, senzori ploaie, volan îmbrăcat in piele cu comenzi pe volan, pilot automat, clima functionala, cutia de viteze cu 6 trepte, motor 1.4 benzina, echipat cu turbina, puterea motorului este de 125 CP, consum de carburant in jur de 5 % extraurban, distribuția pe lanț a fost schimbata in 2023,  au fost schimbate placute de frana,discuri, etriere, faruri noi pe original, carlig de remorcare, trage foarte bine remorca, pe mecanica sta foarte bine, nu necesita schimbat nimic, estetic arata foarte bine, fără zgârieturi, masina cumpărată din Germania in 2021 la 190000 km, iar in România am folosit-o foarte puțini km, se poate verifica, las seria caroserie VSSZZZ1PZAR056395"
seat,Leon,4 250 €,1 400 cm³,122 CP,Benzina,Hatchback,223 543 km,Negru,2009,Manuala,"Seat Leon SportLine
An fabricație 2009
Motorizare 1.4 TSI - 125 CP - 6 Trepte
Motorizare Euro 5
Stare mecanică ireproșabilă !
Import recent Germania Achiziționată de la propietar persoană fizică ( un singur proprietar )
Arată și funcționează foarte bine
Înlocuit de aproximativ 1000 de km kit distribuție , ulei filtre
Km reali , accept orice test !!!
Carte service , Tuv valabil !
La cerere ofer seria de șasiu pentru verificări !
NU ARE NUMERE SCOASE , Se pot scoate numere roșii pe 90 de zile !!!
La cerere mă pot ocupa personal de toate demersurile în vederea Înmatriculării ( Programări nr roșii , RAR , nr negre etc ) Fără Pretenții Financiare !!!
Toate actele se finalizează pe loc la momentul vânzării !!!
Gamă de dotări : Toate funcționale
- Navigație mare Android
- Bluetooth
- Comenzi volan
- Telefon
- Bluetooth audio și apeluri
- Dublu Climatronik Digital ( functional rece-cald )
- Sistem audio original
- Linie audio HIFI Surround
- Calculator de bord mare
- Pilot Automat
- Lumini de zi
- Faruri automate
- Proiectoare de ceață
- Geamuri electrice
- Oglinzi electrice încălzite
- Oglinzi rabatabile electric
- Senzori spate
- Senzori lumini
- Senzori ploaie
- Falow my home
- Închidere centralizată pe telecomandă
- ABS / ESP / SRS / ASR / Airbag
- Torpedou refrigerat
- Jante aliaj R17
- Chit rezervă complet
Etc"
seat,Altea,3 000 €,1 984 cm³,110 CP,Benzina,Monovolum,N/A,Albastru,2004,Manuala,"• seat altea
•an fabricatie 2004
•benzina
•geamuri electrice
•radio cd
•inchidere centralizata
•acte valabile"
seat,Leon,2 600 €,1 600 cm³,102 CP,GPL,Hatchback,290 000 km,Alb,2008,Manuala,"Seat Leon 1.6 benzină +gpl tomasetto, 2008 , 290000km , clima pe două zone, comenzi volan, cornering, distribuție schimbată la 275000 , bucși bascule, rulment față și spate, se deplasează pe orice distanță, proprietar, ofer fiscal.
Tel. 07******97"
seat,Leon,2 450 €,1 400 cm³,80 CP,Benzina,Berlina,220 000 km,Gri,2008,Manuala,"Proprietar, Vând autoturism Seat Leon, fabricație 2008,motor 1,4 benzina, aer condiționat  geamuri electrice, oglinzi electrice, proiectoare ceata, preț 2450 euro, telefon 07******97!"
seat,Alhambra,4 999 €,1 400 cm³,150 CP,Benzina,Monovolum,N/A,Gri,2012,Automata,"Seat Alhambra - 5 locuri
1.4 TSI, 150 CP, EURO 5
268.xxx km
Cutie automată DSG 6
Senzori parcare față - spate
Cârlig de remorca
Jante aliaj
Geamuri negre spate
Închidere centralizată pe cheie tip briceag
4 geamuri electrice cu protecție copii pentru ușile spate
Scaune spate individuale cu ISOFIX
Uși culisante - foarte practice pentru parcări aglomerate
Oglinzi electrice încălzite
Aer condiționat funcțional
Radio-CD cu comenzi pe volan
Volan de piele cu padele pentru schimbare viteze pe modul manual
Computer de bord
Pilot automat
Lumini de zi
Mașina este îngrijită bine, motorul merge impecabil, cutia schimba foarte bine!
Nu necesită investiții suplimentare!
Mașina este importata din Olanda și înmatriculată definitiv în RO ( NU mai aveți costuri cu carte de identitatea RAR )
Prețul este negociabil la vizionare
Pentru mai multe informații, apelați numărul de telefon din anunț sau trimiteți mesaj pe WhatsApp"
seat,Exeo,2 990 €,1 968 cm³,140 CP,Diesel,Break,214 000 km,Gri,2013,Manuala,"Vând Seat Exeo
An de fabricație 2013
EURO 5
6+1 trepte
Motor 2.0 diesel - 140 CP
Navigație mare color
Dublu klimatronic
Faruri rândunică cu XENON
4 geamuri electrice
Pilot automat
Senzori ploaie
Senzori lumini
Senzori parcare față + spate
Volan piele
Comenzi volan
Cotieră față + spate
Cârlig original
Jenti aluminiu 17”
Jenti anvelope iarnă
2 chei
Închidere centralizată
214.000 de km
Carte service
Adusa recent
Accept variante auto
Pret 2990 euro
Tel: zero șapte patru patru cinci șapte zero opt unu unu"
seat,Leon,5 700 €,1 395 cm³,140 CP,Benzina,Hatchback,254 500 km,Rosu,2014,Manuala,"An fabricatie 2014
Motor 1.4 turbo 140 CP
Cutie manuala 6 trepte
254.500 km, in crestere
Model FR
Primul proprietar
Itp valabil 06.2026
Clima automata pe doua zone
Scaune incalzite
Ventilatie pentru locurile din spate
Baterie noua
Jante aliaj
4 moduri de condus: Eco, Normal, Sport, Individual
Pret: 5700 euro usor negociabil
NU sunt interesat de schimburi!"
seat,Leon,6 000 €,1 781 cm³,287 CP,Benzina,Hatchback,211 000 km,Galben / Auriu,2002,Manuala,"Vand Seat Leon 1M 1.8T AUQ Euro 4
An fabricatie: 2002
Masina are 210.000km. A fost revopsita integral in anul 2024.
Ca dotari se regasesc:
- Trapa electrica
- 4 geamuri electrice
- Senzori de ploaie
- Climatronic
- Oglinzi cu incalzire si reglaj electric
- Inchidere centralizata
- Spalatoare faruri
- Senzori de parcare spate
- Stropitori lichid parbirz incalizte
- Incalzire in scaune
Ca si modificari masina dispune de urmatoarele:
- Suspensie sport ( Amortizoare KYB ultra SR si arcuri H&R)
- Jante 17'' Audi TT 8N
- Oglinzi cupra (le am si pe cele originale)
- Evacuare custom din inox
- Etrieri Z18 6pistonase ( Discuri EBC, placute EBC Yellow)
- Turbina K04 ( Cea de BAM)
- Actuator turbina Forge (cu arcul rosu)
- Bobine R8
- Injectoare Bosch 550cc
- Pompa de benzina in rezervor de 8 bari
- Pompa suplimentara benzina Walbro 220L/H
- Admisie BAM
- Traseu intercooler + intercooler
- Ceas de boost in grila de aerisire
- Distantieri fata-spate 20mm
- Volan retapitat piele nappa
- Plafon + stalpi + fete de portiera retapitate cu alcantara
- Centuri galbene
- Soft la KID garage
Masina in acest moment dezvolta 287.7 HP si 380.4 Nm conform fisa dyno. Cu masina nu s-a circulat pe anotimul de iarna.
Accept si unele schimburi."
seat,Arona,15 500 €,1 000 cm³,115 CP,Benzina,Berlina,400 km,N/A,N/A,Manuala,"Vand Seat Arona Style nou 07/2024, 400 km reali, motor 1.0 TSI benzina, 115 CP, LED,  digital COCKPIT, AC, pilot automat, geamuri electrice, detector de oboseala, cruise control adaptiv, line asisst, recunoastere semne de circulatie, proiectoare LED, blocuri optice spate LED, iluminare ambientala LED, asistent la schimbarea benzii de circulatie, senzori de lumina si ploaie, jante aluminiu bicolore, cauciucuri Hankook noi, RAR efectuat."
seat,Ateca,13 850 €,1 395 cm³,150 CP,Benzina,Hatchback,156 000 km,N/A,2017,Manuala,"Seat Ateca ,1,4TSI,150 cp ,11-2016,156000km (carte service) la zi in reprezentanta!!Multiple optiuni -camere 360 fata -spate,line asist,front asist ,recunoaștere oboseală,functia coming homepark asist,Kyless go-entry,star stop,auto hold ,scaune incazite ,oglinzi electrice si incalzite,,parbriz degivrare ,faruri full led .,jante 18 Seat plus jante aliaj cu cauciucuri iarna,interior piele cu alcantara ,spalator  faruri ,pilot automat,comenzi  volan ,car play ,navigatie cu touchscreen ,porneste cu cheia in buzunar !!Nr rosii valabile pana pe 23 ianuarie !!"
seat,Tarraco,24 900 €,1 968 cm³,150 CP,Diesel,Hatchback,140 000 km,Negru,2021,Automata,"Seat TARRACO 2.0 TDI 2021 Euro 6
Stare impecabila,  niciun element revopsit
Km: reali 100%
Ultima revizie completă la 123ooo km (inclusiv ulei cutie)
Import Germania revizii la zi
Automata DSG7 pachet sport , plafon interior negru
Climatronic digital , Tableta navi mare
Webasto cu comanda panou climă si telecomanda - Pachet iarna scaune fata/spate incalzite
SEAT Drive Select - moduri de condus (Eco, Normal, Sport, Individual, Snow)
SEAT Media-System Plus cu functia Full Link (MirrorLink, Apple CarPlay si Android Auto)
Faruri Matrix - lămpi spate full-LED
Cârlig remorcare cu rabatare electrică
Virtual cockpit
Parktronic
Cameră marsarier senzori parcare
Top view camera - Asistenta parcare cu senzori si camera 360”
Climatronic cu 3-zone
Functie Auto-Hold
Front assist (avertizare + franare de urgenta) Line Assist
Keyless entry keyless go
Portbagaj electric + pedala virtuala sub portbagaj (deschidere picior)
Sisteme de siguranta (XDS, ASR, ESC)
Lampi spate LED cu semnalizare dinamica
Recunoastere indicatoare rutiere
Faza lunga automata
Blind Spot - seniori unghi mort
Oglinzi încălzite rabatabile electric cu holograma de întâmpinarea
Senzori ploaie lumină presiune roti
Incarcare wireless charging telefon, etc"
seat,Mii,2 500 €,1 000 cm³,N/A,Benzina,Coupe,136 557 km,Negru,2013,Manuala,Mașina este întreținută foarte bine are montat pe ea și instalație GPL. Motor de 1000.
seat,Alhambra,14 500 €,2 000 cm³,N/A,Diesel,Monovolum,223 000 km,Negru,2019,Automata,"Seat Alhambra 2019, DSG
•An fabricatie: 02.2019
•Cutie de viteze: Automată 7+1
•Motorizare: 2000 cm3 Diesel
•Normă de poluare: EURO 6D
•Rulaj: 223.000
Opțiuni principate:
• Lane Assist
• Distronic Plus
• 7 locuri
• Interior din piele cu alcantara
• Încălzire în scaune
• Scaune electrice cu memorie
• Climă pentru pasagerii din spate
• Faruri Bi-xenon
• Faza lungă automată
• Trapă panoramică
• Uși electrice
• Haion electric
• Triple full LED
• Keyless Entry
• Cameră retur
• Climă Digitală
• Triple Full LED (joc de lumini pe timp de noapte)
• Lane Assist
• Distronic
• Asistență la iesirea/intrarea în parcare
• Climatronic digital spate
• Încălzire în scaune față
• Lumini ambientale
• Jante R17
• Încărcător Wireless
• Smart Link (Android Auto, Apple CarPlay)
• Lumini pentru faza scurtă/lungă automate
• Keyless Go
• Navigatie mare cu touch-screen
• Clima pe 4 zone
* Descrierea autovehicului este strict informativă, pot exista greșeli umane de tipar (optiuni, performanța a motorului, capacitate cilindrica, transmisie etc.)
In caz de nelămuriri cu privire la opțiunile prezentate, ne puteți contacta telefonic pentru detalii suplimentare.
•Posibilitatea de Buy/Back cu autoturismul dumneavoastră.
•Posibilitate de achiziție în rate prin TBI BANK."
seat,Ibiza,2 350 €,1 390 cm³,85 CP,Benzina,Coupe,160 000 km,Galben / Auriu,2012,Manuala,"FĂRĂ SCHIMBURI FĂRĂ DEFECTE FĂRĂ MESAJE DETALI LA TELEFON
Se Vinde Seat Ibiza 2 Facelift Fab 2012 Euro 5 Motor 1,4 Benzină Mpi Clasic 85 Cai Cel Fără Turbo
Motoru Și Cutia Merg Perfect
Recent Adusa Nu Au Fost Scoase Numere Provizori Deloc
Climă Aer Conditionat Merge Baga Rece Și Cald Foarte Bine
Închidere centralizata din cheie
Servo direcție electrică
Geamuri electrice față
Oglinzi reglabile
Compiuter bord
Radio cd mp3
Comenzi Volan
Volan reglabil
Abs esp aux
Isofix pentru copii
6 Airbag-uri
2 Chei
Faruri reglabile
Faruri automate
Scaune reglabile Pe înălțime
Bancheta rebatabila
Porbagaj mare și curat
Cauciucuri Foarte bune
Jante de aluminiu frumoase
FĂRĂ ERORI APRINSE IN BORD KM ABSOLUT REALI CU CARTE SERVIS LA ZI ȘI UNIC PROPRIETAR IN ACTE SE POATE VERIFICA KM"
seat,Arona,16 000 €,1 000 cm³,115 CP,Benzina,Berlina,41 500 km,Rosu,2020,Automata,"Vand seat arona fr 1.0 tsi 115cp 42000km
Cutie dsg7 cu padele volan
4 moduri condus
Faruri și stopuri led
Faruri cu reglare automată
Încărcare telefon wireless
Sistem audio bits cu subwoofer
Roată rezervă
Senzori parcare fata spate
Senzori presiune roți
Ștergătoare automate
Camera spate
Lumini ambientale
Parchează singură
Doua culori
Frânează singură în caz de pericol
Oglinzi electrice și rabatabile
Încălzire scaune
Android auto Applecar play mirror link
07******37"
seat,Leon,8 200 €,2 000 cm³,184 CP,Diesel,Break,233 000 km,N/A,2015,Automata,"Vand Seat Leon FR,motor 2.0 diesel 184cp,an fabricatie 2015,km 233.000.
Dotari
-scaune încalzite
-dublu climatronic
-lane asist
-front asist
-senzori parcare
-faruri automate
-padele
-jante r18
-panorama
-cutie automata
-moduri de condus
-sistem de sonorizare premium
-subwoofer de fabrica
-lumini ambientale
-oglinzi batman
-interior piele
-norma poloare euro 6
Schimburile abia facute la 232.000,masina merge perfect si ruleaza zilnic.Ofer fiscal
Mai multe detalii la telefon 07******49
Pret 8.200e"
seat,Leon,2 999 €,1 400 cm³,125 CP,Benzina,Hatchback,189 000 km,N/A,2010,N/A,"Vand Seat leon. Model COPA ecomotive. An 2010
Adusa din germania.
Nu s au scos numere rosii
Day light - lumini de zi
Geamuri electrice
Comenzi volan
Volan imbracat in piele
Oglinzi electrice incalzite
Oglinzi rabatabile electric
Jante aliaj vara
Scaune sport FR
Stopuri Led
Pilot automat
Dublu climatronic
Cotieră fata
Lumini automate
Senzori parcare
Senzori ploaie
Start - stop
Masina arata si functioneaza foarte bine
Nu are rugina sau alte defecte"
seat,Leon,2 200 €,1 890 cm³,N/A,Diesel,Hatchback,305 000 km,Gri,2007,Manuala,"An afabricatie 2007
Motor: 1.9 TDI , 77 kW (105 CP)
305.000 km in crestere
Transmisie manuala 5+1
Jante de aliaj
Geamuri spate cu tentă din fabrică
Oglinzi electrice
Radio CD
Specificatii: Inchidere centralizata, 2 chei (una cu telecomanda)
Dublu climatronic
Proiectoare ceata
Auxiliar"
seat,Ibiza,1 790 €,1 390 cm³,75 CP,Benzina,Hatchback,153 000 km,Gri,2008,Manuala,"De vânzare Seat Ibiza an fabricație 2008 Facelift model Cupra  motor 1.4 Mpi 153000 km Reali
Dotări....
-aer condiționat
-servo direcție
-geamuri electric
-air bag
-abs
-wsp
-esp
-cd player
-închidere centralizata
-jante aliaj
-proiectoare ceata
-doua chei
-anvelope m+s
-itp recent făcut
Masina se prezintă în stare foarte bună din toate punctele de vedere,nu bate,nu are rugina este o mașină pregătită de drum.toate actele la zi ,se oferă fiscal.pret 1790 Euro ușor negociabil."
seat,Ibiza,7 000 €,1 422 cm³,105 CP,Diesel,Hatchback,176 000 km,Alb,2016,Manuala,"Seat Ibiza Fr
Fabricatie 2016
Motorizare 1.4 tdi 105 cai
Euro 6
Filtru particule activ
Jante aliaj 17” (fr)
Anvelope iarna
Climatronic
Geamuri electrice fata spate
Oglinzi electrice
Faruri bi-xenon adaptiv
Start-stop
Multimedia
Aux stick card
Senzori lumina-ploaie
Faruri automate
Follow me home
Proiectoare ceata
Inchidere centralizata (2 chei)
Volan piele tesit cu comenzi(fr)
Interior- exterior FR(de fabrica)
Unic proprietar
Distributie efectuata
Nu necesita investitii
Mai multe detalii la telefon"
seat,Ibiza,4 199 €,1 596 cm³,105 CP,Diesel,Break,190 000 km,Albastru,2014,Manuala,"Auto adus din Belgia pe roti, achiziționat de la unic proprietar cu istoric complet. Are un rulaj de 198.000 km, inclusa si ultima verificare ITP Belgia unde se atesta    Kilometrajul. Masina cu vopsea originala, fara zgarieturi, rugina, etc. State estetica/tehnica pentru pretențiosi.  Nu are probleme de ambreiaj, volanta, etc, distribuția a fost înlocuită la 180.000 km. Are Climatronic, comenzi audio la volan, jante alu originale, asistenta schimbat treptele de viteza, si multe altele.  A consumat 4l/100 km  cu viteza legala de drumuri nationale si autostrazi.  Se accepta si recomand test autorizat, masina nu necesita nici o investiție.  Accept eventual schimb cu masina electrica (Dacia Spring, Vw Eup)ofer diferenta dupa caz."
seat,Tarraco,29 600 €,1 968 cm³,190 CP,Diesel,SUV,59 000 km,Alta culoare,2019,Automata,"Vand Seat Tarraco in varianta de top Xcellence, echipat cu motorul fiabil 2.0 TDI, transmisie automata DSG cu 7 trepte si sistem de tractiune integrala 4DRIVE, cu un nivel generos de echipare, confort si siguranta. – ideal pentru familie, deplasari lungi sau escapade de weekend. Masina a fost intretinuta cu atentie, utilizata responsabil si vine cu toate reviziile la zi la service autorizat Seat. Este inmatriculat in Romania, unic proprietar, achizitionat de la Porsche Bucuresti Nord in 2020.
Dotari optionale:
- Navigatie cu cartografiere Europa;
- DAB (Receptor Audio Digital);
- Jante aliaj Supreme 20"";
- Pachet iarna - Scaune fata si spate incalzite, cu control separat, duze spalare parbriz incalzite;
- Pachet Safe Driving:
- Blind Spot Detection + Exit Assist (monitorizare unghi mort+asistent marsarier);
- High Beam Assist (sistem asistare faza lunga faruri);
- Pre-Crash Assist;
- Rollover Assist;
- Pachet Safe Driving Plus:
- Traffic Jam Assist + Emergency Assist (asistent trafic aglomerat+asistent situatii de urgenta);
- Traffic Sign Recognition (recunoastere semne circulatie);
- Sound System BeatsAudio - Amplificator digital cu 12 canale, 340 W, 10 difuzoare [inclusiv subwoofer];
- Suspensie adaptiva (DCC);
- Top View Camera - sistem de camere fata, spate, laterale, 360 view;
Alte dotari:
- Faruri LED full, reglare dinamica a distantei de iluminare;
- Blocuri optice spate cu LED, cu lumini de semnalizare dinamice;
- Digital Cockpit (tablou de bord digital cu ecran TFT de 10.25”);
- Sistem audio cu touch screen color cu digonala de 8.0"" (20.3 cm), conectivitate: USB (x2) / SD card (x2) / AUX-in, USB pentru locurile din spate (doar cu functie de incarcare), bluetooth, comanda vocala;
- Pilot automat adaptiv (ACC);
- Climatizare automata pe 3 zone;
- Oglinda retrovizoare interioara cu reglare automata antiorbire, fara rama;
- Oglinzi exterioare electrice, incalzite si rabatabile electric, cu Welcome Light;
- Hayon electric cu sistem Easy Open (deschidere/inchidere prin intermediul senzorului de miscare -
pedala virtuala);
- Interior din stofa + piele + iluminare ambientală;
- Apple CarPlay & Android Auto;
- Airbag-uri frontale pentru sofer si pasager cu posibilitate de dezactivare, airbag genunchi pentru
sofer, airbag-uri laterale pentru sofer si pasager + airbag-uri cortina;
- Control presiune pneuri, cu avertizare sonora si luminoasa;
- Detector de oboseala;
- Front Assist, cu functie de franare automata in caz de urgenta si avertizare prezenta pietoni si biciclisti;
- Lane Assist (sistem mentinere banda de circulatie);
- Geamuri fata/spate actionate electric, geamuri atermice/geamuri fumurii spate
si luneta;
- Kessy (sistem acces si pornire/oprire motor fara cheie);
- Volan multifunctional cu control pentru computerul de bord, radio si telefon, padele pentru schimbarea treptelor de viteza;
- Park Assist (sistem de parcare automata, senzori de parcare fata si spate);
- Proiectoare de ceata cu LED si functie Cornering;
- Roata de rezerva de dimensiuni reduse;
- Scaune fata sport;
- SEAT Drive Profile cu Driving Experience - selectarea modului de conducere (Eco, Normal, Sport, Individual, Snow, Offroad), in functie de modul ales se modifica raspunsul directiei, acceleratiei, cutiei DSG;
- Sistem Start&Stop cu recuperarea energiei la franare;
- Stergator parbriz cu temporizare cu senzor lumina / ploaie;
- Tractiune integrala;
Ofer si anvelopele de iarna care sunt inca in stare foarte buna.
Nu accept schimburi."
seat,Ibiza,2 700 €,1 400 cm³,122 CP,Benzina,Break,152 000 km,Albastru,2013,Manuala,"Seat Ibiza 1,4 Tsi benzina
Mașina este adusa acum din Germania, tehnic impecabil, fără probleme, estetic câteva zgârieturi .
Ac funcțional, geamuri electrice, oglinzi electrice încălzite, asistenta la plecarea din pantă, abs, esp, 6 air-bag, închidere centralizată, etc.
Motor euro 5.
Puțin negociabil la fata locului"
seat,Ateca,11 300 €,N/A,115 CP,Diesel,SUV,140 000 km,Gri,2019,N/A,"Telefon Detalii:“0770”117”374”
Motor:1.6 Diesel 115CP
An:2019
KM:140.000
Cutie:Manuala 6+1
Dotări:
Acc(Distronic)
Front Assist
Carplay/Android Auto
Auto Hold
Pilot Automat
Încălzire Scaune
Start Stop
Senzori Parcare/Lumini/Ploaie
Oglinzi Electrice/Incalzite
Geamuri Electrice
USB Față/Spate
Clima 2 zone
Comenzi Volan
Recunoaștere Oboseală
Computer Bord Digital
Follow Me Home
Proiectoare LED
Faruri Matrix
Stopuri LED
+Multe alte dotări
Telefon Detalii:“0770”117”374”
Import recent!
Au fost scoase nr roșii pe 3 luni!
Ofer Raport Car Vertical
Pret 11.300€ Negociabil"
seat,Exeo,3 590 €,2 000 cm³,200 CP,Benzina,Berlina,192 000 km,Gri,2010,Manuala,"Recent adusa din Germania, dublu climatronic, navigatie mare, merge impecabil, SPORT, 2L benzina, 200 cai, roti pe 17, cauciucuri noi MS, incalzire in scaune, KM Reali. FARA VARIANTE , nu raspund la SMS'uri. Pentru detalii nr de telefon 07******54"
seat,Leon,7 000 €,1 600 cm³,110 CP,Diesel,Hatchback,180 000 km,Alb,2016,Manuala,"Se vende seat leon st 1 .6 ,toate reviziile la zi, anvelope iarna + set vara .itv in vigoare"
seat,Ibiza,3 551 €,1 600 cm³,N/A,Diesel,Hatchback,212 000 km,Negru,2012,Manuala,"Seat Ibiza 2012
> Unic Proprietar în ro
> 1.6 TDI > Euro 5
> Climatronic
> 4 Geamuri Electrice
> Oglinzi electrice încălzite
> Proiectoare ceața
> Închidere centralizata
> Radio CD / Auxiliar
> Jante Aliaj R15.
Inmatriculat Ro cu acte la zi."
seat,Ibiza,2 490 €,1 198 cm³,70 CP,GPL,Hatchback,260 000 km,Negru,2011,Manuala,"Vând Seat Ibiza 2011, 1.2 benzina cu GPL
EURO 5
70 CP
ABS
ESP
GEAMURI ELECTRICE FATA
Gpl montat acum 2 ani"
seat,Ibiza,3 785 €,1 200 cm³,75 CP,Diesel,Break,234 000 km,Negru,2013,Manuala,"Seat Ibiza / 2013 / 1.2 tdi 75cp
Consum - exterior - 3.4 l / 100km
- Interior - 4.7 l / 100km
- Mixt - 3.9l / 100km
Descriere Autoturism:
- Motorizare: 1.2 TDI / 75 CP
- Carburant: Diesel
- Rulaj: 234000 cu carte service completa
- Cutie de viteze: Manuala - 5+1 viteze
- Norma de poluare: Euro 5
-> Dotari:
- Interior: Scaune din piele cu incalzire
- Climatronic pe 2 zone cu afisaj digital
- Cauciucuri foarte bune cu jante de aliaj originale de Seat
- Leduri,  xenon
- Pachet crom
- Volan de piele reglabil pe inaltime si lungime cu comenzi
- Computer bord
- Pilot automat
- Bluetooth
- Proiectoare ceata
- Faruri cu lupa
- Lumini de zi - day running lights
- Senzori ploaie
- Senzori lumini
- Senzori antiorbire în oglinda
- Senzori presiune pneuri
- Senzori parcare spate
- Geamuri electrice fata+ spate
- Cotiera fata + spate
- Oglinzi cu reglaj electric + functie de incalzire
- Sistem start stop - sistem inteligent care ajuta la un consum redus
- Asistare plecare din rampa
- Abs, Esp, 10x airbag uri
- Oglinzi electrice
Unic proprietar în Olanda
Km reali si se trec și în contract.
Preț ușor negociabil
Este o.masina îngrijită si nu are nici o problema tehnica sau elemente revopsite."
seat,Cordoba,1 390 €,1 400 cm³,80 CP,Benzina,Berlina,160 000 km,Negru,2006,Manuala,"07 -- 28 -- 51 '87 '97
Vând Seat Cordoba 1.4 MPI un motor foarte fiabil si cu un consum foarte mic.
Taxe plătite la zi PROPRIETAR (Fiscal pe numele meu personal)
Kilometri reali accept verificare.
Este o mașină întreținută care ds schimbat ce a fost nevoie la timp.
Consumabile schimbate recent: Ulei, filtru ulei, filtru aer, filtru polen.
Kit ambreaj si Kit distribuție au fost schimbate de aproximativ 1000 km si tot ce am specificat mai sus dovedesc cu facturi și ștampila de la service-ul care am dus mașina.
- Jante aliaj cu cauciucuri M/S
- Clima funcțională rece/cald
- Geamuri electrice
- Oglinzi electrice cu încălzire
- Interior în stare perfecta
- Sistem audio cu subwoofer auto PIONEER (cumpărat de nou)
Totul este funcțional eventual accept si variante auto.
Mai multe detalii la numărul de telefon din descriere."
seat,Leon,2 500 €,1 800 cm³,200 CP,Benzina,Hatchback,220 000 km,Negru,2003,Manuala,"Se vinde Seat Leon 1M 2003 , 1.8T AUQ 200+ CP
Mașina la bază este 1.6 benzină
Mașina are pachet FR complet , (bară față , spate , praguri , volan)
Interior full piele electric (stânga-dreapta)
Ceasuri pentru boost in turbina , temperatură admisie , temperatură ulei și presiune ulei
Jante R17 cu cauciucuri semi-slick
Filtru sport + blowoff
Evacuare originală Milltek (800€)
Soft de Launch Control + la schimbarea treptelor de viteză de la 5k în sus bubuie
Subwoofer de 1100W
Casetofon de la Alpine
4. Geamuri electrice funcționale
Tot interiorul negru
Faza lungă led
Poziții și număr becuri led + interior
Schimb de ulei și filtre făcute foarte recent
Discuri și plăcuțe față de 1.9 ARL 320mm + plăcuțe cu inserție ceramică
Chiuloasa de AGU + biele și supape forjate
Mașina nu prezintă urme grave de rugină ( câteva puncte care la prima vedere nu îți dai seama de ele)
Necesită telescoape față schimbate
Și aeroterma nu mai bagă aer deloc"
seat,Ibiza,5 500 €,1 390 cm³,150 CP,Benzina,Coupe,162 588 km,Albastru,2011,Automata,"Model: Seat Ibiza SC FR (Sport Coupé)
Generație: 4 (Typ 6J – versiunea sport FR)
An fabricatie: 2011
Motorizare: 1.4 TSI (cilindree 1.390 cm³)
Putere: 110 kW (150 CP)
Transmisie: automată DSG
Combustibil: benzină
Kilometraj: 162.588 km
Normă de poluare: Euro 5
Număr de uși: 2/3
Număr de locuri: 5
Culoare: albastru metalizat
Dotări și echipamente
•	Șasiu sport FR / Cupra
•	Suspensie sport
•	Pachet sport exterior (bară și grilă FR, finisaje negre, detalii cromate)
•	Scaune față sport
•	Volan sport îmbrăcat în piele, reglabil pe înălțime și adâncime
•	Faruri Bi-Xenon cu lumini de viraj
•	Geamuri spate și lunetă fumurii
•	Geamuri electrice față
•	Oglinzi electrice, încălzite și rabatabile
•	Climatronic (aer condiționat automat)
•	Cruise control
•	ESP (control stabilitate)
•	Servo-direcție
•	Isofix pentru scaune copil
•	Airbag-uri frontale și laterale
•	Sistem audio CD / MP3 cu 6 difuzoare
•	Jante aliaj LM
•	Imobilizator electronic
•	Închidere centralizată cu telecomandă  + 2 chei
Anvelope iarna + vara noi
Masina a fost achizitionata in 2022 din Germania la 133.623 km. Nu accept schimburi"
seat,Ibiza,3 950 €,1 600 cm³,90 CP,Diesel,Break,246 000 km,Negru,2012,Manuala,"Pentru a viziona mai multe poze si stocul nostru complet cu peste 150 de autoturisme, accesati www.mihutauto.ro
• 3.950 € ( usor negociabil )
• Seat Ibiza
• 1.6 Diesel (90 CP) Euro 5
• Model 2012
• Import Germania
• Cutie De Viteza Manuala
• 246.000 km
• Achizitie CASH / RATE / BUY-BACK
Dotări:
* Sistem dublu climatronic
* 4 x Geamuri electrice
* Radio/Media/CD/Bluetooth
* Oglinzi reglabile si incalzite
* Incalzire in scaune
* Sistem navigatie
* Faruri reglabile si automate
* Faruri Led
* Proiectoare ceata
* Senzori ploaie/lumina
* Sistem ABS/ESP
* Volan piele
* Inchidere centralizata
* Jante Aliaj
* Sistem anti-alunecare ASR
* Senzori de parcare
* Blocator geamuri
* Frana de mana electrica
* Limitator de viteza
AVANTAJELE PARCULUI NOSTRU:
* Transport gratuit la domiciliu in judet si zonele invecinate
* Posibilitate de livrare in toata tara prin partenerii nostri
* Finantare 100% online sau direct in locatia noastra
* Rate fixe cu sau fara avans doar cu buletinul pentru persoane fizice
* Garantie 12 luni pentru motor si cutie
* Kilometraj verificat si certificat
* Posibilitate test drive pentru orice masina, legal cu numere de proba
* Video si poze extra la cerere cu masina dorita
* Asistenta pentru RAR si inmatriculare
Ne gasiti in Sanmartin , Str. Stefan cel Mare , Nr 121, Bihor 417495
PROGRAM:
Luni - Vineri: 09:00-17:00
Sambata: 10:00-14:00
Duminica: INCHIS
Nu ai gasit masina dorita in stocul nostru ?
Contacteaza-ne prin OLX, Whatsapp sau la numerele de telefon si o aducem la comanda!
!Atenție: Informațiile pot fi greșite . Pentru orice nelamurire sau intrebare in legatura cu autoturismul, va rugam sa ne contactati."
seat,Leon,3 790 lei,1 398 cm³,122 CP,Benzina,Hatchback,235 000 km,Alb,2010,Manuala,"Seat Leon din 2010
Preț:3750€
Motor:1.4 benzina 122cp
Import:Germania
Dotări:dublu climatronic
-scaune încălzite
-4 geamuri electrice
-oglinzi electrice și încălzite
-senzori ploaie și lumină
-faruri automate
-senzori parcare
-USB și Aux
-jante aliaj
235000 km reali ce se pot dovedi cu carte service la zi, facturi cu întreținere regulată
Inclusiv distribuție înlocuită la 207000 km dovedită cu factură  din Germania
Stare foarte bună, interior îngrijit
Accept orice test autorizat
Se poate testa , dețin numere de Probă
Se pot scoate numere roșii pe30/60/90 zile"
seat,Leon,5 800 €,1 200 cm³,105 CP,Benzina,Hatchback,125 000 km,Alb,2014,Manuala,"Masina are distributie pe curea, modelul nou de motor.
Echipare Style
Navigație
Clima 2 zone
Pilot automat
Comenzi volan
Senzori parcare spate
Senzori lumina
Senzori ploaie
Senzori presiune roți
Geamuri electrice
Oglinzi electrice
Oglinzi pliabile electric
Computer de bord
Proiectoare ceață
Cornering
Jante Aliaj R17
Stop-uri led
Isofix
Start stop semafor"
seat,Altea,1 650 €,1 600 cm³,105 CP,Benzina,Hatchback,193 000 km,Rosu,2007,Manuala,"Vând seat saltea 1.6 bse an 2007
Mașina din punct de vedere mecanic funcționează fără probleme. Eu o folosesc zilnic de aproape 4 ani. Prețul este 1700 de euro ușor negociabil"
seat,Leon,2 100 €,1 400 cm³,85 CP,Benzina,Hatchback,149 000 km,Albastru,2008,Manuala,"Seat Leon 1.4 MPI, 85 cp. An de fabricare 2008. 149000 km reali.
Masina ruleaza foarte bine, motor fiabil,  cutie manuala, consum 6%, aer condiționat, fără defecte mecanice ascunse. Poate fi folosita pe orice distanta.
Masina are cauciucuri noi de iarna, folosite foarte puțin. Se vinde si cu discuri si placute de frana față/spate noi dar nemontate încă din lipsa de timp.
Caroseria prezinta câteva zgarieturi si indoituri.
Estetic nu este pentru pretentiosi dar dacă doriți o masina fiabila cu care sa va deplasati pe orice distanta cu costuri mici, este o masina perfecta.
ITP si asigurare valabile pana in vara 2026. Pret negociabil.
O vând deoarece nu mai este folosita. Am achiziționat o masina mai noua.
Mulțumesc"
seat,Leon,2 999 €,1 400 cm³,122 CP,Benzina,Hatchback,178 000 km,Gri,2009,Manuala,"SEAT LEON recent adus cumpărat de la privat
An fabricatie 2009
Motor: 1.4 TSI -  122 Cp
Rulaj: 178.000 Km
Dotări :
Dublu-Climatronic
Senzori Lumini
Senzori parcare
Auto-Hold
Bord computer
Comenzi volan
Senzori presiune roți
Abs
Esp
USB - AUX
ISOFIX
CORNERING
Pilot automat
4x Geamuri electrice
Proiectoare ceață
Jante aliaj
Oglinzi electrice, încălzite și rabatabile
Stergatoare automate (senzori de plaoie) Coming Home / Leaving Home"
seat,Ibiza,3 800 €,1 400 cm³,N/A,Benzina,Hatchback,99 000 km,Rosu,2010,Manuala,"SEAT IBIZA Reference an fabricatie 2010 km: cca 101.000, primul si singurul proprietar,
Motor 1.4, in stare excelenta, pret 3.800 EURO"
seat,Ibiza,1 790 €,1 390 cm³,75 CP,Benzina,Hatchback,199 000 km,Alta culoare,2008,Manuala,"De vânzare Seat Ibiza an fabricație 2008 motor 1.4 mpi Benzina un singur propietar, cumpărat din România. Dotări..
-aer condiționat
-servo direcție
-geamuri electrice
-air bag
-abs
-esp
-cd player
-închidere centralizata
-jante aliaj
-proiectoare ceata
-doua chei
-anvelope iarna
-itp recent făcut
Masina arata și merge foarte bine, toate reviziile efectuate la timp ,nu necesita investiti. Perfectarea actelor și fiscalul se oferă pe loc."
seat,Ateca,12 800 €,2 000 cm³,150 CP,Diesel,Hatchback,259 000 km,Negru,2017,Manuala,"Vând Seat Ateca 4x4, fabricație 2017, proprietar, Înmatriculat, nerulat în țară!
Mașina este modelul EXCELLENCE, gama de vârf, dispune de toate opțiunile.
Plafon negru
Camera marșarier
Keyless-GO/Entry
6 moduri de condus, pentru orice tip de teren
Lumini ambientale interior pe diferite culori
Navigație
Volan piele multifuncțional
Senzori lumini/ploaie/parcare/presiune pneuri
Auto hold
Pilot automat
Încălzire scaune
Cârlig remorcare electric
Faruri full Led-MATRIX
KM 259000
Telefon 07******23
Preț în euro"
seat,Leon,2 800 €,1 899 cm³,105 CP,Diesel,Hatchback,350 000 km,Gri,2008,Manuala,"Seat Leon Mk2 (2008) – 1.9 TDI 105 CP – Primul proprietar RO
Seat Leon 1.9 TDI (105 CP), an 2008, adusă din Olanda, sunt primul proprietar în România. Mașină fiabilă, economică și întreținută.
Perfecta pentru masina de oras, naveta sau pentru incepatori
Detalii:
•     Vaposeaua perfecta si originala
•     Tips Evacuare
•	350.000 km reali
•	Cutie manuală
•	Scaune sport + cotieră
•	Climatronic pe două zone
•	Volan multifuncțional
•	Jante negre pe 16”
•	AC functional
•	ABS, ESP, airbag-uri
Stare tehnică:
•	Motor și cutie în stare foarte bună
•	ABS și ESP aprinse în bord din cauza unui senzor (sistemele funcționează corect)
•	Mică lovitură la pragul față stânga – vizibilă în poze, nu afectează structura sau ușile
Mașină pregătită de drum, consum mic, ideală pentru oraș și navetă. Eu o folosesc sa merg la facultate."
seat,Ibiza,2 000 lei,1 400 cm³,N/A,Benzina,Coupe,N/A,Negru,N/A,Manuala,"Vând SEAT Ibiza 2003 – 1.4 benzină
– Stare tehnică bună, nu are probleme
– Geam spate dreapta fisurat
– Fără ITP și fără asigurare (nu se poate circula)
– Fiscal pe loc
– Acte în regulă, carte + talon
– Culoare: negru"
seat,Leon,5 700 €,1 590 cm³,110 CP,Diesel,Break,220 000 km,Gri,2014,Manuala,"Vând Seat Leon ECOMOTIVE(Cel Mai Economic),Motor 1.6 TDI 110 CP,An Fabricație 2014,Înmatric in RO,UNIC Proprietar ÎN ROMÂNIA, Mașina Se Află În Stare Perfectă De Funcționare Din Toate Punctele De Vedere,Mașina Dispune De:Închidere Centralizată Cu 2 Chei,Cârlig, Geamuri Electrice,Oglinzi Cu Încălzire,Senzori Parcare 360,Senzori Lumini,Ploaie,Asistență Rampă,Interior material,START-STOP La Semafoare,Pilot Automat,Computer Bord Multifuncțional,Comenzi Volan,NAVIGAȚIE,USB,,Bluetooth,Jante Magneziu 19 Cu Anvelope M+S,Sa Schimbat recent Plăcute cu Discuri de frână, Distribuția,Uleiul,Filtrele, Baterie cu start/Stop,Etc.Mașina Are Carte Service Si Se Vinde la PREȚ 5700 EURO,07******29"
seat,Toledo,5 499 €,1 197 cm³,105 CP,Benzina,Berlina,231 000 km,Negru,2013,Manuala,"‼️GARANTIE ‼️REVIZIE ULEI+FILTRE‼️
‼️NR PROVIZORII‼️RATE CU BULETINUL‼️
PRET : 5.499€
Contact : 07******01
SEAT TOLEDO
* An fabricatie  2013
* 1197cmc3
* 105 Cp
* 231.000 Km
* Clima
* Incalzire in scaune
* Senzori parcare
* Computer bord
* Geamuri electrice
* Inchidere centralizata
* Comenzi volan
* Pilot automat
* Jantea aliaj
* Bluetooth
* Unic proprietar
* Carte service
* Toate reviziile la zi
* Acceptam orice fel de testare !!!
* S.C. TRANSILVANIA AUTOMOTIVE *
* Firma importatoare de autoturisme ,avand o gama diversificata,
va ofera posibilitatea de a achizitiona un autoturism,
cu plata pe loc ,prin transfer bancar ,sau printr-un sistem avantajos de rate fixe,in maxim 2 ore,
indiferent de marca sau vechimea autoturismului dorit.
* Contractul se incheie la sediul firmei ,
cu un avans de la 0 % pana la 50 % din valoarea autoturismului.
* Conditii flexibile si aprobare rapida a creditului ( in aproximativ 2 ore ),pe o perioada de maxim 5 ani.
* Puteti avea si alte credite.
* Sunt eligibile pentru finantare si persoanele care lucreaza in strainatate.
* Leasing pentru Persoane Fizice cu AVANS intre 0 % - 30 %.
* Leasing pentru Persoane Juridice cu AVANS intre 0 % - 30 %.
* Cerinte pentru incheierea contractului de leasing:
* Vechime de minim 3luni la locul de munca
* Salariul incepand de la cel minim pe economie.
* Buletinul in original.
* In cazul in care indepliniti cerintele de mai sus, va asteptam la sediul firmei noastre situat in Sibiu, str. Bld V.Milea Nr 58, pentru a alege o masina si pentru o simulare sau pentru a aplica la credit.
* Acesta este un credit auto, ratele nu se stabilesc la telefon, se stabilesc la sediul firmei ,dupa ce datele Dvs sunt introduse in sistem, in functie de venit, de valoarea autoturismului si perioada de creditare se vor stabili ratele lunare.
* ASIGURAM NUMERE ROSII SI FACTURA FISCALA PE LOC.
* Odata cu achizitonarea autoturismului, se vor pune la dispozitie toate documentele si informatiile necesare pentru inmatricularea definitiva in Romania, a autoturismului cumparat.
* Asistenta in vederea inmatricularii definitive in Romania"
seat,Exeo,5 500 €,1 968 cm³,143 CP,Diesel,Break,227 684 km,Gri,2010,Manuala,"De vanzare.Nu schimb. Nu sunt interesat de variante.
Pretul este putin negociabil!
R.A.R efectuat!
Numere rosii scoase pe 90 de zile!
Seat Exeo -VSSZZZ3RZBR007716
An fabricatie: 2011
Prima inmatriculare: 01.02.2011
Motorizare: 2.0tdi (1968cm3)
Diesel
Euro 5
CAGA
143cp
Rulaj 227684 km
Cutie de viteze manuala 6+1
Tara de provenienta: Germania
Proprietari anteriori: 1
Numere zoll valabile pana la: 10.10.2025
Masina este adusa personal, pe roti si este folosita zilnic.
Dotari:
Senzori parcare spate
4 geamuri electrice, heliomate
Oglinzi cu reglaj electric, rabatabile electric
Oglinda interioara cu senzor antiorbire
Proiectoare ceata
Pachet exterior crom
Carlig de remorcare detasabil (1600kg)
Jante aliaj R16-anvelope vara 6mm
Jante otel R16-anvelope M+S 5,5mm
Roata de rezerva de dimensiuni normale R16, cric, cheie de roti
Cotiera fata+spate
Lumini ambientale
Air-bag genunchi
Climatizare automata de doua zone
Volan imbracat in piele, comenzi volan
Pilot automat
Senzor presiune roti
Senzor lumina
Mentenanta efectuata la data 14.09.2025/ 226.644 km
Stergatoare Bosch (x3)
Termostat principal Mahle
Antigel
Filtru aer Mahle
Filtru de polen Bosch
Filtru de combustibil Bosch
Filtru de ulei Mahle
Ulei Castrol 5w30LL
Bujii Beru(x4)
Role accesorii Inna+Optimal
Curea accesorii Skf
Kit distrbutie+ pompa de apa Continental
Ultimul TUV(inspectie Germania) la data de 21.09.2024, km 215.450
Disponibil facturi TUV.
Fara rugina.
Unele defecte estetice, uzura normala."
seat,Toledo,3 500 lei,1 600 cm³,115 CP,Diesel,Berlina,N/A,Negru,2018,Manuala,"Citiți cu atenție descrierea anunțului!
Seat Toledo 1.6d 115cp 2016 - 2019 Euro 6 Manuala, mașina arată și rulează foarte bine, service la zi Nr valabile, doua cheii, acte complete și valabile.
Variante la prețul pietei, prețul afișat de 3500 - 5000 este pentru cash, nu răspund la mesaje, mai multe despre la tel. Mulțumesc"
seat,Leon,3 500 €,2 000 cm³,170 CP,Diesel,Hatchback,N/A,Negru,2008,Manuala,"Vand Seat Leon FR 2008 170cp motor 2L diesel, clima functionala faruri automate masina merge foarte bine , mici defecte estetice ce pot fi remediate se vinde doar cu fiscal  recent schimb de ulei si filtre cauciucuri de iarna,  pretul de 3500 de euro negociabil doar la achizitionare"
seat,Ibiza,2 000 €,1 200 cm³,N/A,Benzina,Hatchback,155 000 km,Negru,2009,Manuala,"Seat Ibiza an 2009 motor 1.2 benzina
Masina se afla în Timișoara
Are ca dotări:
Închidere centralizată din cheie
Geamuri electrice
Oglinzi electrice
Comenzi Volan
Clima
Compiuter de Bord
Cd player original
155000 Km Reali
Este adusa acum din Austria
Se pot scoate 90 zile nr roșii
Mai multe det la tel
Pret 2000€
07******39"
seat,Cordoba,600 €,N/A,75 CP,Benzina,Cabrio,30 000 km,Albastru,2006,N/A,"De vânzare seat cordoba motor 1,4 benzina an 2006 inmtricula în România  mașină se află în stare de funcționare ideala pentru  navetă și oraș pentru mai multe detalii sunați la nr de telefon 07******50"
seat,Leon,4 900 €,1 798 cm³,160 CP,Benzina,Hatchback,236 750 km,Alb,2010,Automata,"0 *************** 9
Seat leon 1.8 TSI, anul 2010, 160 HP, 236.750 km reali, Cutie automată DSG, Trapa, Jante aliaj cu cauciucuri de vara noi."
seat,Exeo,3 900 €,1 968 cm³,170 CP,Diesel,Break,320 000 km,Albastru,2013,Manuala,"Bună ziua!
Numele meu este Aurelian, iar mai jos găsiți descrierea despre auto meu deținut din 2016 ( import Germania), de care vreau sa ma despart pentru ca, am trecut pe electric!
A fost mașina familie cu care am făcut mulți km, astfel ca are 320.000 km, dar fiind motorul 2.0 TDI cu 170 cp, pot sa va spun ca, mai are mult de mers, fiind o versiune foarte fiabila!
Ca și dotări :
-Faruri BiXenon cu sistem de spălare
-Proiectoare fata
-Jante aliaj 17' + set de iarna complet pe 16'
-Oglinzi rabatabile
-Senzori de parcare pe spate
-Folie de protecție solara pentru geamurile spate
-Închidere centralizata ( 2 chei)
-Climatizare pe 2 zone
-Priza 220 v ( 150 w)
-Cotiera fata - spate cu usita de vizitare prin bancheta spate către portbagaj
-Pilot automat
-Senzori ploaie /lumina
-Oglinda interioara electrocromata
-Sistem radio CD cu AUX, USB și Bluetooth
-Geamuri electrice față / spate cu impuls și blocare pentru spate
-Volan îmbrăcat în piele perforata
-Roata de rezerva în portbagaj
-Covorașe interioare de cauciuc + set textile
As vrea sa va spun ca e la zi cu reviziile, ca are recent schimbate multe piese, dar nu este asa. Dacă decideți sa cumpărat va fi necesar schimbul de ulei + filtre, anul viitor distribuția +anvelopele de vara, dar nu va speriați, piesele sunt ieftine fiind o platforma comuna cu Audi A4, Skoda, etc.
Rugina la Aripa dreapta față + alte mici defecte.
Primiți în schimb o mașină care va face mulți km de aici încolo.
Istoric recent piese schimbate :
2024: rulmenții pe toate cele roți
2024: partea de brațe, bielete, bucșe ( sistemul multi link). Erau cele originale și au ținut 300.000 km.
2024: bucșe calandru spate"
seat,Leon,5 500 €,1 598 cm³,105 CP,Diesel,Hatchback,344 000 km,Gri,2014,Manuala,"Seat Leon 1.6 TDI Style Advance– 2014 – Full LED – Scaune Sport Alcantara — Ecomotive
Masina in stare foarte buna de functionare, echipare Style Advance, cu ornamente cromate si interior premium.
Intretinuta atent, motor economic si confort excelent la condus.
Dotari principale:
•	Faruri si stopuri Full LED
•	Scaune sport Alcantara + piele pe margine
•	Climatronic automat 2 zone
•	Jante aliaj 16” cu anvelope noi de iarna
•	Proiectoare ceata cu functie cornering
•	Geamuri electrice fata + spate
•	Oglinzi electrice, pliabile si incalzite
•	Volan multifunctional imbracat in piele
•	Cruise control (pilot automat)
•	Senzor lumina si ploaie
•	Computer de bord
•	Sistem audio SEAT Media System
•	Navigatie profesionala cu Bluetooth / USB / AUX / Hands-free
•	Cotiera fata
•	Isofix (scaune copii)
•	Incalzire in scaune
•	ABS / ESP / ASR
•	6 airbaguri
•	Lumini ambientale
•	Detalii cromate interior / exterior
Date tehnice:
•	An fabricatie: 2014
•	Motor: 1.6 TDI – 105 CP
•	Cutie: Manuala cu 6 trepte
•	Tractiune: Fata
•	Norma de poluare: Euro 5
•	Consum mixt: ~4.5 l/100 km
Masina are multe piese schimbate recent:
Distributie cu pompa de apa, ambreiaj, placa de presiune si volanta, injectoare, DPF curatat, placute fata, placute spate+discuri, baterie noua, etc..
Mai multe detalii la telefon."
seat,Ibiza,3 200 €,1 198 cm³,69 CP,Benzina,Hatchback,176 000 km,Albastru,2012,Manuala,"Vând Seat Ibiza 1.2 euro 5 din 2012, foarte bine întreținut,este adusă din Germania,nu S au scos numere roșii!
Ideal ca mașina de zi cu zi sau pentru începători-economic și foarte fiabil!
Interior îngrijit și curat!
Dotări:
-cutie manuală 5+1
-geamuri electrice față
-oglinzi electrice și încălzite
-Isofix
-proiectoare ceață
-lumini de zi
-A/C functional
-scaune reglabile și pe înălțime
-Radio/CD/Aux
-servo directie,servo frâna
-faruri reglabile
-airbaguri
-ABS/ESP
-închidere centralizată
Pentru mai multe detalii și poze în privat!"
seat,Leon,7 200 €,1 600 cm³,N/A,Diesel,Hatchback,220 000 km,Gri,2018,Automata,"Kilometraj: 218.000 km
Motorizare: 1.6 TDI, 116 CP, Euro 6
Cutie: DSG automată 7+1 trepte
Tracțiune: față
Dotări principale:
Oglinzi electrice, încălzite și rabatabile electric
Geamuri electrice + geamuri spate fumurii
Navigație mare 3D cu hărți Europa/România
Sistem audio premium
Climă automată pe 2 zone
Volan multifuncțional
Isofix
Lumini ambientale la picioare
Faruri Matrix + Daylight LED
Stopuri LED
Proiectoare ceață + funcție cornering
Follow-me home
Jante aliaj originale Seat + anvelope foarte bune
Bare longitudinale
Cotieră față + spate (cu deschidere pentru schiuri)
Moduri de condus: Normal / Sport
Pilot automat + limitator viteză
Computer bord mare, color
Autohold, Hill Assist, Start/Stop
Senzori parcare față + spate
Cameră marșarier
Bluetooth, AUX, USB
Întreținere și istoric:
Primul proprietar
Distribuție schimbată acum ~5000 km
Ulei + filtre schimbate recent
2 chei disponibile
Revizii efectuate la timp
Mașină curată, întreținută corespunzător"
seat,Arona,9 500 €,1 598 cm³,95 CP,Diesel,SUV,103 km,Albastru,2018,Manuala,"Seat Arona 2018
1.6 tdi euro 6 95cp consum mic
Faruri Automate cu lumini de zi
Proiectoare ceata
Senzori de parcare
Jante aliaj r16
Oglinzi cu rabatare electrice
Senzori de ploaie
Senzori de lumini
Senzori de presiune roti
Sistem multimedia color cu touch screen
Navigatie color 3d cu harti romania si europa
Computer bord
Stare impecabila fara defecte ascunse
Nu acept schimburi
Relatii 07******30"
seat,Altea,3 300 €,2 000 cm³,140 CP,Diesel,Monovolum,240 000 km,Gri,2009,Manuala,"Seat Altea Freetrack
- an 2009
- motor 2.0 Diesel ( Vw )
- km 240.000
- cutie de viteze manuală 6+1 trepte
- tracțiune 4x4
- euro 4
Mașina are ca dotări :
- proiectoare ceață
- senzori de parcare spate
- spălătoare faruri
- oglinzi electrice încălzite
- comenzi volan
- - incalzire in scaune
- Climatronic
- pilot automat
- geamuri electrice
- bord computer
- jante aluminiu R17 echipate cu anvelope aproximativ noi de iarnă
- 2 chei
- perdelute geamuri
- geamuri ionizate spate și lunetă
- ABS ESP airbag
- isofix
Mașina arată și rulează bine !
* accept orice fel de probă , test sau verificare
* mașina este recent adusă , proveniență Austria
Preț : 3300 euro negociabil"
seat,Leon,5 900 €,1 400 cm³,122 CP,Benzina,Hatchback,209 300 km,Negru,2013,Manuala,"•	VIN (serie sasiu): VSSZZZ5FZDR005471
•	Cutie de viteze manuala 6+1 viteze
•	Dublu climatronic
•	Computer bord
•	Incalzire scaune
•	Pilot automat
•	Navigatie cu touchscreen
•	Bluetooth
•	Comenzi volan
•	Senzori Ploaie
•	Senzori lumini
•	Start Stop
•	Senzori parcare
•	Cornering lights
•	4 geamuri electrice
•	Oglinzi electrice încălzite
•	ABS /ESP /ASR
•	Jante aluminiu R18 cu cauciucuri vară
•	Asistenta pornire rampa
•	Asistenta schimbare trepte viteza
•	ITP valabil 28.05.2026"
seat,Ibiza,5 999 €,1 399 cm³,150 CP,Benzina,Hatchback,168 000 km,Alta culoare,2013,Automata,"Seat Ibiza Hatchback 5999 euro
Motor 1.4TSi-150Cp~Distributie pe lant~
Cutie AUTOMATA DSG 7+1 trepte
Model:~FR ORIGINAL DE FABRICA~
Km:168.000 Reali!
Norma de poluare:Euro 5
Tara de origine:Germania,NEINMATRICULATA!
Dotari:
•Climatronic
•Incalzire in scaune
•2x geamuri electrice
•Oglinzi electrice incalzite+rabatabil electric
•10x airbag
•Computer bord
•Pilot automat
•Cd player
•Comenzi la volan
•Volan piele FR
•Senzor parcare
•Senzor ploaie,lumini
•Spalator far
•Abs,esp
•Scaun,volan reglabil
•2x chei
•Geamuri ionizate din fabrica
•Usb,aux
•Leduri zi
•Stopuri neon
•Interior curat foarte intretinut
•Scaune sport FR
•Vopsea originala fara rugina sau retusuri
•Km reali verificabil,oferim seria VIM pentru verificare
•Hartie tuv in privinta km
•Cauciucuri aproape noi
•Discuri+placute fata noi noute
•Motor,cutie,directie stare perfecta
•Cutia schimba perfect fara smancituri
•Fara defect mecanic!
Masina arata si functioneaza IREPROSABIL,pentru pretentiosi!
Foarte reala si intretinuta!
Mașina are distribuția schimbată recent. Pret 5999 euro"
seat,Ibiza,2 500 €,1 119 cm³,75 CP,Diesel,Break,298 500 km,Gri,2011,Manuala,"De vânzare Seat Ibiza 1.2 TDi - 75hp ,
Dotări :
-clima (perfect funcțională )
-4 geamuri electrice
-oglinzi electrice și rabatabil electric
-pilot automat
-computer de bord
-senzor lumini
-senzor ploaie
-faruri cu spălătoare , proiectoare ceata ( cu funcție cornering )
-radio mp3 cu cd/usb/aux/bluetooth
-scaune încălzite
-comenzi volan
-sistem start & stop dezactivabil
-interior textil
-servodirecție electric , ESP , ABS
-folie fumurie geamuri spate cu omologare
-închidere centralizată (2 chei )
Sunt proprietarul mașinii de 3 ani schimbat recent distribuție , ulei , filtre , discuri și plăcuțe de frâna , saboți , baterie AGM, ect.
Toate actele la zi [ asigurare , itp , fiscal pe loc ) .
Se acceptă orice test la service autorizat RAR"
seat,Leon,3 300 lei,1 798 cm³,160 CP,Benzina,Coupe,150 000 km,Rosu,2009,Manuala,"Seat Leon defect
Nu mai pornește posibil motor calat"
seat,Leon,1 500 €,1 595 cm³,N/A,Benzina,Hatchback,N/A,Negru,2007,Manuala,"Nu am timp să pun alte poze, cauciucurile sunt bune, motorul a pornit după șase luni la sfert de cheie pe timp de iarnă, trebuie reparat pragul dreapta, și lacul ESTE dus pe plafon.
Am cumpărat un set de stopuri de spate pe led, sunt și alea incluse"
seat,Leon,3 299 lei,1 900 cm³,90 CP,Diesel,Hatchback,380 000 km,Albastru,2001,Manuala,"Seat Leon 1.9 alh ,mașina merge și se deplasează pe orice distanță consum mic .
Probleme : se aude un capăt de planetară
ITP 04/08/26
Asigurare expirată
Sunt proprietar !
Nu veniți cu preturi aberante !
Mai multe detalii in privat ....sau la.tel ..."
seat,Ibiza,4 250 €,1 791 cm³,265 CP,Benzina,Hatchback,197 880 km,Negru,2004,Manuala,"Vând Seat Ibiza FR cu motor 1.8 turbo, in stare foarte bună dpdv mecanic, cu multiple îmbunătățirii si multiple piese noi, schimbate de curand.
Vine echipata de iarna cu jante sparco si anvelope kleber si pentru vara am jante oz ultraleggera echipate cu semi slickuri.
Toate actele sunt la zi."
seat,Leon,4 500 €,1 968 cm³,140 CP,Diesel,Hatchback,327 140 km,Negru,2007,Manuala,"Seat leon full piele arata intr o stare foarte buna motoru este in doua axe ,de curand am schimbat burduful pe fata stanga pentru ca din cauza vechimii sa rupt pistonas frana cu tot cu etrier stanga spate cu tot cu placute ,plafonul schimbat ,turbina reconditionata acum
aproximativ jumatate de an ,incalzire in scaune ,faruri xenon oglinzi reglabile si incalzite ,senzori presiune ,senzori ploaie si lumina  ,masina merge foarte bine nu are probleme doar un martor de airbag care mi a aparut cand am aspirat masina o data se de atunci nu ii gasesc buba ,ceck engine  ul mi a aparut in bord la o problema la debitul de gase insuficient prin egr,km reali verificati dar nu mai am poza de pe carvertical pentru ca am facut testul pe carvertical cand am cumparat o dar nu i am facu vreo poza si l am pierdut si din cauza varstei la sofer sa rupt pielea iar la pasager a crapat pe cusatura ,se poate vedea si in poza !!!
Serie șasiu : VSSZZZ1PZ7R011916
Astept mesaje !!"
seat,Altea,1 400 €,N/A,N/A,N/A,Hatchback,N/A,N/A,N/A,Manuala,Vand Seat Alteea 1.6 Benzina an 2005. Geam electric fata aer conditionat. Discuri placute telescoape schimbate recent distrubutie noua. Se ofera fiscal. Pentru mai multe detali sunati 07******92
seat,Leon,6 800 €,1 600 cm³,110 CP,Diesel,Break,144 500 km,Negru,2017,Automata,"Seat Leon 5F 2017 ST LINE – 1.6 TDI DSG – Euro 6 – Full LED
Vând Seat Leon 5F, an fabricație 2017, motor 1.6 diesel Euro 6,  fara Ad-blus, cutie automată DSG 7+1 trepte, în stare foarte bună, întreținută cu atenție.
Consum extrem de redus!!!
Autoturism cu 144.500 KM REALI!!!
OFER si un set de cauciucuri de iarna cadou!
Dotări principale:
• Faruri și stopuri Full LED
• Cutie automată DSG 7+1 (schimbă impecabil)
• Climatronic dual-zone
• Comenzi pe volan
• Senzori de parcare
• Computer de bord mare
• Jante aliaj originale Seat
• Pilot automat
• Sistem Start/Stop
• Oglinzi electrice și încălzite
Mașina arată și funcționează foarte bine, consum redus și comportament excelent pe drum.
Este înmatriculată provizoriu (numere roșii MM), se poate verifica oriunde.
Locație: Baia Mare
Preț 6800 Euro prex FIX
Contact: 07******67"
seat,Ibiza,2 799 €,999 cm³,N/A,Benzina,Hatchback,159 000 km,Negru,2016,Manuala,"Avariata :Aripa/usi/prag
Airbag scaun deschis
Motor cutie ok
Directie ok
An fab 2016
Euro6
Import Austria
Absolut fix 2550
Va rog fara alte oferte !"
seat,Ateca,16 900 €,1 600 cm³,115 CP,Diesel,SUV,239 430 km,Alb,2018,Manuala,"SEAT ATECA 1.6 TDI 115 CP - FULL - 2018
Verificabil și dotări full.
Unic proprietar pe România.
Este un exemplar excepțional de bine întreținut, fără daune.
Detalii tehnice:
Motorizare: 1.6 TDI, 115 CP
Transmisie: Cutie manuala
Tracțiune: Față (FWD)
An fabricație: 2018
Kilometraj: 239.430 km reali - se acceptă orice verificare la reprezentanță.
Principalele dotări:
Faruri Full LED și proiectoare de ceață LED
Geamuri spate cu tentă (Privacy Glass)
Oglinzi exterioare rabatabile electric și cu estompare a luminii
Praguri de ușă iluminate
Hayon electric (deschidere la buton și cu piciorul)
Scaune Alcantara
Comenzi pe volan
Pachet de iarnă: Scaune față și volan încălzite
Virtual Cockpit (bord digital)
Sistem de navigație cu Apple CarPlay și Android Auto
Control vocal
Sistem audio BeatsAudio cu amplificator de 340W
Climatronic pe două zone
Iluminare ambientală LED
Keyless Entry & Go (intrare și pornire fără cheie)
3 moduri de condus: Eco, Sport și Confort
Sistem Start/Stop cu recuperare a energiei
Camere 360 senzori de parcare spate
Park Assist (asistent la parcare)
Cruise Control Adaptiv (ACC) (menține distanța față de mașina din față)
Lane Assist (menține mașina pe bandă)
Traffic Jam Assist (asistent în trafic aglomerat)
Front Assist (frânare de urgență)
Sistem de detectare a oboselii
Lumini automate și senzor de ploaie
Mașina are distribuția schimbată si este într-o stare perfectă pentru utilizare fără a se investi în ea!
Preț: 16.900 EUR, negociabil."
seat,Ibiza,3 300 €,1 600 cm³,105 CP,Benzina,Hatchback,220 000 km,N/A,2009,Manuala,"Vând Seat Ibiza 1.6 Benzină – 105 CP, an 2009
Mașina se prezintă foarte bine, atât tehnic cât și estetic.
Cu 105 CP e sprintenă în oraș și stabilă în afara localității.
Întreținere recentă:
Amortizoare noi pe toate roțile
Compresor climatizare nou
Radiator schimbat
Sistem de răcire verificat complet
Dotări principale:
Aer condiționat / Climatronic
Geamuri electrice
Oglinzi electrice
Închidere centralizată cu telecomandă
Volan reglabil
Computer de bord
Pilot automat"
seat,Leon,10 500 €,1 598 cm³,115 CP,Diesel,Hatchback,260 km,Gri,2017,Manuala,"SEAT Leon anul 2017
Motor 1.6TDi 116 CP Euro 6
DOTARI:
* Android Auto & Apple CarPlay
*Senzori parcare fata + spate cu afisaj
*Masaj in scaunele din fata
*Scaune custom piele cu incalzire
* Camera pt mersul inapoi
* Faruri si stopuri full LED
* Ceasuri computer bord digital
* Faruri adaptive
* Climatronic pe 2 zone
* Navigatie cu ecran tactil
* Bluetooth
* 8 x Airbag
* Cutie viteze manuala 6+1 trepte
* ABS/ASR/ESP
* 4 x Geamuri Electrice
* Inchidere/ deschidere geamuri din telecomanda.
* Intrare Auxiliara + USB + slot memorie
* Oglinzi Reglabile Electric
* Tempomat\Cruise control (Pilot Automat)
* Inchidere centralizata cu telecomanda
* ⁠2 chei
* ⁠Jante aliaj R18 cu anvelope noi
* ⁠Vopsea originala fara elemente revopsite
*Fara accidente
Pentru oferte si detalii 07******69"
seat,Ibiza,3 950 €,1 390 cm³,86 CP,Benzina,Break,159 000 km,Argintiu,2010,Manuala,"Seat Ibiza
Motor 1.4 benzina distributie curea
Putere 86 cp
Euro 5
Dotari:
AC functional
Volan piele reglabil
4 geamuri electrice
Încalzire scaune
Hands free Parrot
Computer bord
Tempomat
Senzor ploaie,senzor lumina,senzor presiune roti
Senzor parcare spate
Proiectoare ceata
Spalatoare faruri
Centralizat pe 2 chei
Oglinzi rabatabile heliomate
Jante aliaj originale seat cu cauciucuri vara Dot 2024
Jante tabla cu cauciucuri iarna in stare ok
Full service history până la 154000 km cu schimburi ulei +filtre
Distributie schimbata la 114000 km
Interior curat si ingrijit
Import Germania
Fara schimburi
Eventual transport platforma"
seat,Leon,7 850 €,1 600 cm³,110 CP,Diesel,Break,186 000 km,Negru,2015,Manuala,"Seat Leon
An 2015
Motor 1.6 diesel 110 CP
Cutie manuala 6+1 trepte
Înmatriculat iulie 2025
Faruri Full Led Matrix
Stopuri LED
Proiectoare ceață
Alcantara
Navigatie color mare Europa cu touchscreen
Radio
CD
Bluetooth
Comenzi volan
Bord color
Servodirecție electrica
Dublu Climatronic
4 geamuri electrice
Start & Stop
Senzori presiune roti
Senzori parcare fata si spate
Senzori lumini
Senzori ploaie
Computer de bord
Cotiera fata si spate
Inchidere centralizata
Scaune fata reglabile pe inaltime
Volan piele, reglabil cu comenzi
Isofix
Închidere Centralizata
2 Chei
Jante aliaj R16 originale
Geamuri fumurii din fabrica
Suport pentru pahare fata si spate
Oglinzi electrice, rabatabile electric si incalzite
Tempomat
Priza 12 V in cotiera si portbagaj
Hill Hold Control (Asistenta plecare din rampa)
Oglinda retrovizoare interioara cu functie antiorbire
ABS
ESP
ESC"
seat,Leon,3 300 €,1 896 cm³,105 CP,Diesel,Hatchback,245 000 km,Gri,2007,Manuala,"Seat Leon 1.9 TDI
An 2007  Preț: 3.300 €  Vând urgent!
Mașină îngrijită, întreținută cu atenție și investiții făcute recent.
Fiabilă, economică și cu un look sportiv care întoarce privirile
Detalii tehnice și dotări importante:
Motor 1.9 TDI  consum redus, puternic și fiabil
245.000 km reali
Discuri și plăcuțe de frână noi
Distribuție schimbată
Ambreiaj nou
Turbină nouă
Ax cu came și tacheți noi
Arcuri și amortizoare față și spate noi
Climatronic funcțional
Navigație cu cameră de mers înapoi
Interior sport FR  curat, îngrijit
Jante Dotz 18""   aspect modern și elegant
Mașina merge impecabil, nu necesită nicio investiție.
Se vinde urgent, prețul este ușor negociabil pentru persoanele serioase.
Contact:
07******59  (România)
+49 163 2630190 (Germania)"
seat,Altea XL,3 990 €,1 200 cm³,105 CP,Benzina,Monovolum,260 944 km,Maro / Bej,2011,Manuala,"***www.autovision-bacau.ro***
Posibilitate rate/ leasing auto/ cash/ buy back si test drive
Posibilitate de închidere anticipata si recalculare a creditului
Verificarile și detaliile pentru rate se pot face TELEFONIC -- O758.888.58O, WhatsApp sau direct la sediul nostru!
Acest autoturism poate fi finantat in conditii avantajoase:
* Persoane Fizice:
- Cu istoric negativ in biroul de credit si 20%avans-in functie de istoricul clientului
- Contracte de munca din AFARA TARII (din strainatate )
- Cu venituri din diurna
- Persoanele cu pensii din Romania vârstă maxima 75 de ani la inchiderea creditului
- Venituri din dividente
- Cu venituri din Prenatal
*Persoane juridice :
- Firme (PFA, întreprinderi individuale, SRL etc)
Marca: Seat
Model: Altea XL
Motor: 1.2 benzina  77kw/105cp
Norma de poluare: EURO5
Prima inmatriculare: 05/2011
Cutie de viteze: Manuala 6+1 trepte (consum mic si taxe minore)
Culoare: Braun
Caroserie: Monovolum
Numar de locuri: 5
Kilometraj: 260944
Tara de origine: Austria (proprietar austriac in acte)
VIN: VSSZZZ5PZBR035756  (pentru orice verificare dorita)
**Foarte curat si foarte ingrijit,totul tinut din scurt stare excelenta!**
Dotari:
~ Motorizare 1.2benzina Tsi (consum mic si taxe minore)
~ Model deosebit culoare foarte curata si foarte ingrijita fara
~ Import Austria proprietar austriac in acte (se poate dovedi)
~ Cutie viteze manuala 6+1 trepte (schimba excelent)
~ Tapiterie textil foarte curata si foarte ingrijita
~ Radio CD original Seat cu multiple functii i
~ Jante aliaj  originale Seat R16
~ Volan 3 spite imbracat in piele fara gram de uzura
~ Comenzi volan pentru majoritatea functiilor radio
~ Aer conditionat complet functional
~ Oglinzi electrice incalzite
~ 2xGeamuri electrice
~ Oglinzi electrice incalzite
~ Inchidere centralizata pe telecomanda
~ Computer de bord cu multiple functii
~ Bancheta spate rabatabila individual
~ Masina de nefumatori
~ Senzori de ploaie si lumina
~ Sistem de sonorizare exceptional foarte clar si puternic!
~ Carlig de remorcare original din fabrica Seat
~ Totul intact atat interior cat si interior,masina foarte ingrijita!
~ Aotuturism import Austria in stare foarte buna!
**Masina se prezinta intr-o stare foarte buna atat tehnic cat si optic**
**Motorizare foarte reusita,consum mic si taxe minore***
**Detinem toate actele in vederea inmatricularii***
**Model deosebit,culoare unicata stare excelenta interior exterior**
**Nu au fost scoase numere rosii,posibilitate 90 de zile**
**Se elibereaza factura fiscala cu km certificati si CMR de transport!**
**Pot exista erori in legatura cu descrierea autoturismului, a datelor specificate precum si a dotarilor**
**Rugam intrebari sau la cerere putem oferi poze/video pentru orice nelamuri sau neclaritati!**
**Oferim o cat mai buna transparenta clientilor in raport cu serviciile oferite de parcul nostru**
Tel: O758.657.O45.
O758.888.58O.
**De ce sa alegi AUTOVISION-BACAU?
- Oferim garantie 3 LUNI* conditie supusa unor termeni si conditii
- Se ofera numere rosii (provizorii) pe loc
- Punem la dispozitia clientului toate documentele in vederea inmatricularii.
- La cerere oferim servicii de inmatriculare (Jud. Bacau)/ programare RAR
- Km 100% verificabili. Se elibereaza factura cu km trecuti pe ea
- Serie sasiu disponibila pentru verificare CarVertical
- Firma noastra, cu o experienta de peste 14 ani in domeniu, comercializeaza autovehicule ce pot fi verificate in orice service autorizat! Agentii nostri achizitioneaza masinile direct de la proprietar sau din reprezentante Germania (masini oferite la buy back de clienti). Toate autovehiculele sunt livrate in tara cu platforme proprii, asigurate CMR.
- Oferim livrare in orice localitate din tara cu platforme proprii
- Daca nu ai gasit masina dorita in stoc, ne puteti contacta oricand pentru plasarea unei comenzi!"
seat,Leon,5 650 €,1 200 cm³,85 CP,Benzina,Hatchback,235 000 km,Albastru,2013,Manuala,"Seat Leon 1.2 TSI An 2013 Euro 5
Preț 5.650 euro
Locatie: Timisoara
Transport gratuit in Timisoara, zone limitrofe
Euro 5
An fabricatie 2013
Motor 1.2 TSI (benzina), motor in 4 pistoane
85 CP
Cutie manuala 5+1 trepte
Km 235000, carte service completa!
2 chei
ABS
Climatronic
Comenzi volan
Computer bord
ESP
Geamuri electrice
Inchidere centralizata
Isofix
Jante aluminiu R16 OE
Navigație OE
Oglinzi reglabile electric
Pilot automat
Proiectoare ceata
Start stop
Stergatoare temporizate
Suport pahare
SRS
Unitate radio, aux, USB, bluetooth, card SD
Volan cu comenzi, reglabil
Anvelope iarnă Hankook Dot 2023 foarte bune!
Exterior fără elemente revopsite, 9/10
Interior frumos și curat, în stare impecabilă
Stare tehnică OK, fără reproș.
Acte în regulă pentru înmatriculare
Se pot scoate numere roșii 90 zile
Nu fac schimb!"
seat,Toledo,4 850 €,1 600 cm³,N/A,Diesel,Berlina,201 000 km,Gri,2014,Manuala,"Seat Toledo  sedan ,motorizare 1.6 diesel an fabricatie -  10. 2013 provenie ta Belgia ( doi proprietari )  , AC (perfect functional) , comenzi volan, oglinzi electrice, geamuri electrice, jante aliaj cu anvelope într-o stare foarte buna, discuri si placute fata/spate noi noute, doua chei . Masina se prezinta într-o  stare excelenta. Km 201000 ultimul Car Pass sa facut in luna iulie (detin Car Pasul)
## Se pot scoate 3 luni numere rosii ##"
seat,Leon,6 900 €,1 600 cm³,110 CP,Diesel,Hatchback,249 130 km,Alb,2014,Manuala,"Seat leon 1.6 TDI 2014
-scaune încalzite fata
-faruri matrix led
-triple led
-pilot automat
-comenzi pe volan
-bluetooth
-navigatie touch-screen
-dublu climatronic
- geamuri electrice
-senzori ploaie
-senzori parcare spate
-cornering
-lumini ceata
-oglinzi electrice/incalzite
-comenzi volan
-ceasuri bord digital
- cutie manuala 5+1
Masina arată si functionează foarte bine
Accept orice test, fără schimburi sau oferte aberante"
seat,Toledo,6 350 €,1 200 cm³,110 CP,Benzina,Berlina,109 000 km,Albastru,2014,Manuala,"Seat Toledo 2014
-cutie viteze 6+1
-Motorizare 1,2 TSI Benzina
Dotari:
-navigatie mare cu touchscreen
-camera marsarier
-usb/aux/bluetooth/telefon
-geamuri electrice fata
-pilot automat/computer bord
-oglinzi electrice incalzite
-volan reglabil
-comenzi pe volan
-proiectoare ceata
-inchidere centralizata (2 chei)
-jenti de aluminiu cu anvelope vara
-rezerva 4 jenti de tabla cu anvelope iarna NOI
-folie geamuri spate omologata
Masina se prezinta in stare impecabila atat estetic cat si mecanic.Interior ingrijit,masina de nefumatori.Distributie inlocuita la 90 000 km.
Se poate verifica pe carvertical sau la solicitare pot trimite raportul.
Plata in cont in euro (sau in lei +1%)"
seat,Leon,5 500 €,1 200 cm³,105 CP,Benzina,Hatchback,256 000 km,Rosu,2014,Manuala,"Vând seat Leon, an 2014,motor 1.2 tsi benzina,km reali 256000 km creștere, geamuri electrice fata,aer funcțional pe 2 zone,Cornering,4 uși,se afla în stare foarte bună cu urme de uzura normale ,detalii mai multe la telefon"
seat,Leon,5 900 €,1 499 cm³,130 CP,Benzina,Break,317 000 km,Alb,2019,Manuala,"Vând Seat Leon 1.5 TGI 130CP Benzină + CNG, anul de fabricație, octombrie 2019
Dotări:
- Dublu-Climatronic
- Senzori parcare
- Comenzi Vocale
- Start-Stop
- Lane Assist (tine banda)
- Comenzi Volan
- Volan Piele
- Senzori Parcare Fata-Spate cu Afisare Perimetru Avertizare Acustica
- Pilot Automat
- Limitator Viteza
- Computer Bord
- Oglinzi Electrice Incalzite Heliomate
- Oglinda Retrovizoare Interioara cu Sistem Antiorbire
- Auto Hold
- Conectare telefon Bluetooth Handsfree
- Senzori Verificare Presiune Roti
- Senzor de Lumina
- Senzor de Ploaie
- 4 x Geamuri Electrice
Mașina funcționează bine, rulaj mare dar întreținută corespunzător
Consum extrem de redus cu CNG (3/100 km in afara și 5 / 100 în oraș ]
Pentru mai multe detalii sunati sau lăsați un mesaj"
seat,Ibiza,2 750 €,1 192 cm³,N/A,GPL,Berlina,220 000 km,Negru,2008,Manuala,"Se vinde Seat Ibitza an 2008 motorizare 1.2 benzina cu Gpl Tomasetto butelia valabila 2029 clima geamuri electrice 4 cel din dreapta fata nu se coboara nu se ridica , are trapa electrica  sa schimbat la motor supapele si garnitura chiuloasa  plus ulei antigel brate si bucse fata cauciucuri de iarna   bune  este o masina  de naveta"
seat,Leon,2 650 €,1 999 cm³,140 CP,Diesel,Berlina,260 000 km,Negru,2006,N/A,"Comăneşti județ Bacău
** Seat Leon **
-Motor 2.0 diesel 140cp
-An 2006
-Euro 4
-Cutie manuală
*Dotari :
-Geamuri electrice
-Oglinzi electrice
-Clima funcțională
-Pilot automat
-Oglinzi electrice
-Computer bord
-Senzori lumini
-Senzori ploaie
-Închidere centralizată
-Caucicuri de iarnă foarte bune
-260.000km
-Preț : 2650€
-Înmatriculată în Ro
-Acte valabile / se oferă fiscal pe loc
* Detalii în privat!"
seat,Exeo,3 950 €,1 968 cm³,143 CP,Diesel,Berlina,N/A,Negru,2009,Manuala,"Nu sunt interesat de SCHIMBURI!
An fabricație 2009; norma de poluare EURO5;
Motor 2.0 cm3 - 143 cp (Diesel), cutie manuala (6 trepte); 388.000 km.
• Dublu climatronic
• 4 x geamuri electrice (ionizate din fabrica pe spate)
• Oglinzi electrice, încălzite
• Pilot automat + computer de bord
• Proiectoare ceață
• Frana de mana actionata manual
• Închidere centralizată din cheie
• Radio CD MP3 /AUX + adaptor bluetooth
• 6 Airbag-uri
• ABS, ESP, servo-direcție
• Controlul tracțiunii
• Senzori parcare
• Senzori ploaie
• Senzori lumini
• Senzori presiune pneuri
• Volan reglabil - piele + comenzi volan
• Banchetă spate rabatabilă 1-2/3
• Interior din stofa
• Scaune reglabile
• Cotiera fata + spate cu spatiu depozitare si 2 suporturi pentru pahare
• Jante aliaj R16 BORBET (impecabile) + anvelope vara GOODYEAR EFFICIENT GRIP. In pret este inclus un al doilea set, tot BORBET ce necesita sablat, revopsit
• Jante tabla + anvelope iarna 16 BRIDGESTONE BLIZZAK, cu capace(poze la cerere), in aceeiasi bani
• Prelungire bara fata
• Eleron spoiler portbagaj
Pentru mai multe detalii, lasati mesaj sau la fata locului."
seat,Leon,5 500 €,1 600 cm³,110 CP,Diesel,Hatchback,154 000 km,Alb,2013,Manuala,"Seat Leon 2013 facelift model Copa, 154000 km, arata si functioneaza impecabil
- Dublu Climatronic
-Euro 5
-Volan ajustabil
-Pilot automat
-Comenzi pe volan
-Computer mare de bord
-Senzor presiune roți
-Oglinzii electrice și încălzite
-Geamuri electrice fata
-Proiectoare ceață cu sistem cornering
-Bluetooth, aux in,handsfree
-Folie geamuri spate
-Jante aliaj R16 cu anvelope de iarna NOI
-Acumulator nou"
seat,Altea XL,5 290 €,1 598 cm³,105 CP,Diesel,Hatchback,215 000 km,Albastru,2015,Manuala,"• Climatronic 2 zone
• Start/Stop
• 4 x Geamuri electrice
• Oglinzi electrice, încălzite și heliomate
• Oglinzi exterioare rabatabile electric
• Computer de bord
• Închidere centralizată din cheie
• Radio CD/MEDIA IN/AUX/USB
• Bluetooth
• 12 Airbag-uri
• Abs, Esp, Servo-direcție
• Controlul tracțiunii
• Senzori lumini
• Senzori ploaie
• Senzori presiune pneuri
• Comenzi pe volan
• Comenzi vocale
• Pilot automat tempomat
• Interior din stofa
• Cotiera fata/spate
• Proiectoare ceata
• Jante Aliaj originale pe 16'
Pret: 5290 euro
Culoare: Albastru
VIN (serie sasiu): VSSZZZ5PZFR011175
Norma de poluare: Euro 5
Emisii CO2: 119 g/km
Tara de origine: Romania"
seat,Ibiza,3 500 €,1 198 cm³,60 CP,Benzina,Hatchback,220 000 km,Gri,2009,Manuala,"Marca : Seat
Model : Ibiza
An : 9/2009
Motor : 1.2 Benzina - 60 Cp
Cutie : Manuala 5+1 Trepte
Norma de poluare : Euro 5
Km : 219483
Motor 1.2 Clasic cu distribuție pe lanț
Distributie schimbata la 182071 in 1/2023(Carte Service)
Serie Sasiu : VSSZZZ6JZAR045867
Optiuni :
Aer conditionat
Geamuri fata electrice
Media : Cd/Radio/Aux/Usb/Mp3
Volan Piele
Jante Aliaj 17” originale Seat cu anvelope Pirelli noi 2023
Închidere centralizata
2 chei
Posibilitate Rate/Finantare Tbi Bank
Km Garantati Juridic si trecuti pe factura de achizitie.
Se pot elibera nr rosii incluse in pret din ziua vanzarii.
Clientul va primi tot dosarul pregatit pt inmatriculare.
Programare Rar 21 Noiembrie la Suceava.
Pret : 3500 Euro usor negociabil
Accept și unele variante/schimburi auto”Buy-Back”
Telefon :07******98"
seat,Altea XL,3 150 €,1 600 cm³,105 CP,Diesel,Monovolum,256 000 km,Negru,2011,Manuala,"Kilometri reali
Motor 1.6 L diesel 105 cp euro 5
Kit complet Distribuție schimbata la 250000 in vara acestui an
Cutie viteze manuala 5+1 trepte
Climatronic perfect funcțional
Jante aliaj 16’ originale
4 x geamuri electrice
Oglinzi electrice +incalzite
Radio cd original
Comenzi volan audio
Pilot automat
Proiectoare ceata
Cârlig tractare
2 chei
Fiscal la zi
Stare tehnică, estetică și funcțională foarte buna
Accept variante la 3750 euro +/- diferență"
seat,Arosa,700 €,999 cm³,37 CP,Benzina,Pickup,175 000 km,Alb,1998,N/A,"Vand Seat Arosa
Motor 1.0 benzina, consum mic
An fabricație 1998
Taxe platite,acte inregula
Cutie manuala
Masina mica,economa,usor de intretinut
Pret:700 EURO negociabil
Sebes jud Alba
Contact 07********97"
seat,Ibiza,4 000 €,1 199 cm³,75 CP,Diesel,Break,201 000 km,Negru,2012,Manuala,"Seat lbiza - 2012
Motor 1.2 TDI - 75cp
- 201000 km
-climă
-comenzi volan
-cruse control
-hill assist
-geamuri electrice
-computer borc
-Aux/Jack
-bluetooth
-lumini automate
-follow me home
-geamuri spate ionizate din fabrica -închidere centralizată
-carlig OEM
-vopsea originala
-distribuţie schimbata la 180000 km
-revizie la 199000km
-fără bătăi la roti
-nu necesită investiţii imediate
-jante aliaj cu anvelope iarnă
Preţ: 4000 Euro"
seat,Leon,3 990 €,1 400 cm³,86 CP,Benzina,Hatchback,156 010 km,Argintiu,2011,Manuala,"SEAT Leon 04/2011
1.4 MPI, 86cp, Euro5
***Import recent Germania, stare foarte buna.
***Se poate achizitiona si in rate, cu sau fara avans, Prin TBI Bank.
Va asteptam sa o incercati!
Acceptam verificare in orice service AUTORIZAT.
Rulaj certificat!  156.100 km. Carte Service, Facturi inspectii tehnice TUV.
Echipare
-Aer conditionat
-Oglinzi electrice
-Airbaguri
-Servo-Esp-Abs
-Geamuri electrice
-Volan reglabil
-Scaune reglabile pe inaltime
-Bancheta rabatabila
-Inchidere centralizata din telecomanda
-Jante aluminiu cu anvelope vara
-inca un set complet de roti iarna inclus
-etc.
Nu acceptăm schimburi.
Mai multe detalii la telefon. Acceptăm orice test! Vă așteptăm la noi!
Se ofera factură si la cerere numere provizorii și servicii complete de înmatriculare sau transport auto la domiciliu.
Nu raspundem pentru eventuale greseli de redactare din anunt.
Cumparatorul are obligatia sa verifice toate optiunile si datele masinii."
seat,Toledo,7 150 €,1 000 cm³,N/A,Benzina,Berlina,87 500 km,Albastru,2018,Manuala,"De vânzare Seat Toledo benzina, 1.0 TSI,fabricație 2018,87.500 km reali, proprietar,ITP valabil 04.2027, asigurare, rovinieta,consumabile schimbate la timp,geamuri electrice, închidere centralizată, AC, navigație,camera de bord, senzori de parcare, cauciucuri aproape noi, jante aliaj, consum mic de combustibil,mașină ținută în garaj, folosita ocazional in weekend și concedii, preț negociabil."
seat,Altea,2 399 €,1 968 cm³,170 CP,Diesel,Hatchback,295 605 km,Negru,2007,Manuala,"VSSZZZ5PZ7RO41123
Prețul este negociabil.
Vând Seat Altea FR, an fabricație 2007, 2.0 diesel, 170 cp. ITP valabil până în 09.2026, 295.605km reali.
Pachet FR interior/exterior + motorizare.
Mașina stă în parcare de un an de zile.
DPF anulat.
Baterie nouă.
Furtun aer intercooler, capete de bară, bucși suspensie, brațe/bielete schimbate. Dețin deviz.
Jante originale pe 17. Dețin omologare jante 18.
Mașina prezintă urme de rugină, cum se vede în poze. Trebuiesc cumpărată unele piese precum parbriz, cauciuri etc.
Dotări:
Xenon
Clima pe două zone
Încălzire în scaune
AC funcțional
Geamuri electrice
Comenzi pe volan
Trapa funcțională
Pilot automat
Oglinzi electrice și încălzite
Servo
ABS
ESP
Scaune sport
Volan sport
Schimbător sport"
seat,Leon,6 900 €,1 490 cm³,130 CP,Benzina,Break,193 000 km,Alb,2020,Manuala,"Seat Leon ST 1.5 Benzină an 2020 130Cp manuală 6 trepte
Key let’s entri Key let’s Go, navigație USB bluetooth,Carplay
Jante de aliaj pilot automat, comenzi volan, ABS esp, senzori de parcare , senzori lumini ploaie, acte complete și valabile recent înmatriculată preț 7500"
seat,Alhambra,5 995 €,1 995 cm³,140 CP,Diesel,Monovolum,257 500 km,Albastru,2014,Manuala,"Dacă nu răspund la telefon îmi puteți lasă un mesaj pe olx.
2.0 TDI   140 cai putere
Diesel
Euro 5
Model 2014
5 LOCURI
257150 km
ABS ESP
Dublu climatronic
Webasto (incalzire auxiliara)
Geamuri electrice
Oglinzi rabatabile electric
Pilot Automat
Senzori lumini si ploaie
Scaune incalzite
Lumina de zi
Volan piele Proiectoare ceata
2xchei
Navigatie
Senzori parcare
Computer de bord
Camera masarier
Jante aliaj cu cauciucuri de iarna
Etc
Recent adus din Germania !
Nu s-au scos numere rosii. Se pot scoate numere pe 3 luni!
Ofer transport pe platforma oriunde in tara!"
seat,Cordoba,9 000 lei,1 896 cm³,1 000 CP,Diesel,Berlina,83 087 km,Gri,2007,Manuala,"Seat Cordoba motorina 1.9 2007 1800 € clima, geamuri electrice, inmatriculata cu acte la zi ITP 06.2026"
seat,Leon,7 550 €,1 968 cm³,150 CP,Diesel,Hatchback,N/A,Rosu,2013,Manuala,"* Seat Leon FR
* Motorizare 2.0 TDI/150 CP
* Echipare Full FR
* Kilometraj 271.000
* Cutie manuala 6 Trepte
* Norma de poluare Euro 5
Dotari:
* Senzori lumini
* Senzori ploaie
* Senzori presiune roti
* Senzori parcare fata/spate cu afisaj si Park Pilot
* Interior piele alcantara + piele
* Jante aliaj R18 cu anvelope de iarna NOI
* Navigatie mare cu touchscreen
* Lane Asist/ Tine banda singura
* Camera Frontala
* Ipod connection
* USB connection
* Computer bord
* Dublu Climatronic
* 4 Moduri de condus Sport/Confort/Individual/ECO
* Faruri FULL LED MATRIX
* Schimbare faza lunga/faza scurta AUTOMAT
* Stopuri spate full LED
* Pilot Automat
* Oglinzi electrice/incalzite/heliomate
* Jeturi spalatoare parbriz incalzite
* Bord Multifunctional
* Incalzire in scaune
* Interior sport cu Cusatura rosie
* Lumini Ambientale USI si picioare pasageri
* Carte Service
***   Auto se prezinta impecabil Tehnic/Mecanic/Optic   ***
• Posibilitate FINANTARE.
• Posibiltate rate FĂRĂ AVANS in baza buletinului/acordare rapida,aprox.1/2 ore.
• Credit Auto pentru persoane fizice/Aprobare rapida prin Banca Transilvania și TBI.
• Leasing Auto pentru societăți comerciale si PFA
• Oferim asistenta in vederea înmatriculării/transcriere noul proprietar.
• Posibilitate Buy-Back,preluam mașina Dvs.ca avans pentru oricare dintre mașinile aflate in stocul nostru.
• Pentru mai multe detalii,ne puteți contacta telefonic."
seat,Leon,9 200 €,1 980 cm³,184 CP,Diesel,Break,256 000 km,N/A,2016,Automata,"Seat leon x-Perience,dsg 6 trepte,2016,euro 6,funcționează fff bine,Garda înaltă,roti vara/iarna,fara probleme,navigație android,faruri full led Matrix,2.0 tdi,geamuri electrice,panoramic,pilot automat,senzori parcare fata/spate,camera spate,cârlig remorcare"
seat,Altea XL,4 490 €,1 598 cm³,105 CP,Diesel,Hatchback,220 000 km,Negru,2011,Manuala,"# Full Automobileatoriu sa fie din familie )
Persoane cu istoric NEGATIV in Biroul de credite
POSIBILITATE de BUY-BACK
Autoturismul dumneavoastră poate fi considerat avans pentru achiziția unui autoturism din parcul nostru
Eliberăm factură fiscală în care sunt trecuți numărul de kilometri și seria de șasiu
Garantăm starea și funcționalitatea excelentă a autoturismelor noastre, având reviziile efectuate periodic
Raport CAR VERTICAL gratuit
Oferim transport în limita a 200 km la domiciliu clientului sau numere rosii contra cost
Oferim consultanta în vederea înmatriculării și R.A.R
Motor 1.6Tdi
Norma de poluare euro 5
Încălzire în scaune
Oglinzi electrice
Geamuri electrice
Cotieră față
Computer bord
AC
Pilot automat
Proietoare ceață
Jante Aliaj 16 anvelope bune
Volan piele
Comenzi volan
Două cheii
Anuntul cu privire la descrierea autoturismului este informativ! Se pot strecura erori, greseli de scriere. Pentru mai multe detalii va rugam sa ne contacti telefonic si sa stabilim o programare !"
seat,Leon,8 000 €,1 596 cm³,116 CP,Diesel,Break,233 000 km,Alb,2019,Manuala,"Seat Leon ST 1.6 TDI 116 cp.
Euro 6 adbule Filtru activ
Cutie manuala 5+1
Anul fabricatie 07.08.2019
Service recent-nu necesita nici o investitie
Baterie,alternator,discurii si placute fata si spate schimbate si revizie complet schimbate recent
Dotari:
Navigatie Mare
Android Auto&Apple Carplay
Climatizare bi-zonala
Pilot automat
Geamuri electrice fata-spate
Leduri faruri,triple si oglinzi
Senzori lumina si ploaie
Senzori parcare fata -spate +camera
Incarcare wireless
Pilot automat
Frana electica+auto hold
Cotiera fata-spate
Oglinzile electrice ( se inchid si se deschid din cheie sau buton)
Bi-xenon
Jante aliaj 16
Roata rezerva noua
2 Chei
Propietar in acte
Accept orice test"
seat,Leon,4 800 €,1 968 cm³,140 CP,Diesel,Hatchback,294 000 km,Alb,2011,Manuala,"OBSERVATII: Maşină personală
Seat Leon Facelift 2.0 TDI, 140 CP, an 2011
ABS și ESP
Faruri de ceaţă
Geamuri acţionate electric faţă și spate
Oglinzi exterioare electric retractabile și încălzite
Oglindă interioară heliomată plus lumini ambientale
Scaune față încălzite
Radio, CD, MP3, DAB
Senzor de ploaie
Senzori de parcare APS - senzori acustici de parcare faţă și spate
Servodirecţie
Sistem dublu climatoric
Navigaţie cu reprezentarea hărţii
Volan multifuncţional reglare înălţime și adâncime
Volan piele
Închidere și deschidere centralizată cu telecomandă
Bi-xenon headlights și cornering lights
Pilot automat
Jante originale Seat pe 17
Trapă în trei poziţii
Winter tyres
Geamuri fumurii
Spălător faruri
Revizie, plăcuțe frână, distribuţie efectuate acum aproximativ 4.500 KM.
Numarul kilometrilor în creştere, maşina fiind utilizată.
Pentru detalii, nu ezitaţi să mă contactaţi!
NU mă interesează schimburi, ofer şi cer seriozitate."
seat,Toledo,6 800 €,1 200 cm³,105 CP,Benzina,Berlina,104 000 km,Albastru,2016,Manuala,Persoana fizica (masina personala) vand Seat Toledo 2016 1.2 105 CP  - in stare perfecta de functionare (104.000 km)   -   serie sasiu: WSSZZZNHZG1012412
seat,Toledo,5 500 €,1 200 cm³,90 CP,Benzina,Hatchback,160 000 km,Albastru,2016,Manuala,"Stare buna.
160.000 km.
Fără schimburi."
seat,Leon,2 900 €,1 400 cm³,86 CP,Benzina,Hatchback,195 919 km,Galben / Auriu,2011,Manuala,"Vând Seat Leon 2011 (facelift), motorizare 1.4 TSI cu instalație GPL omologată, ideal pentru cei care vor un hatchback fiabil și foarte economic. Mașina a primit recent investiții importante pe partea mecanică, în valoare de 3500 lei
Km reali:195918, de poate vedea și in poza
Dotări:
-Servodirectie
-Ac funcțional
-Oglinzi încălzite
-Geamuri electrice pe fata
-Inchidere centralizata
Etc
Prețul este negociabil in limita bunului simt"
seat,Ibiza,1 970 €,1 400 cm³,86 CP,Benzina,Hatchback,230 000 km,Albastru,2009,N/A,"Stare tehnică și estetică f f buna , cumpărată direct de la proprietar din Germania. Masina super îngrijită și întreținută!
Toate servisurile facute la zi … 230000 km. Carte service pana la 200000 km , apoi ultimul service a fost făcut la 220000 ( schimbul de ulei și filtre ).
Caroserie fără rugină sau accident , nota 9 din 10. Culoare f frumosa : albastru metalizat perlat.
Interior f f curat și îngrijit .. fără scaune rupte sau pătate !
Motorul merge și trage bine , este cel de 86 CP , generația noua de motor. Consum mic de benzina: 5-7 l /100 km.
DORARI :
- închidere centralizată din cheie , 2 chei
- geamuri electrice față
- oglinzi electrice
- climatronic funcțional
- radio cd cu comenzi volan
- pilot automat tempomat
- ABS … 8 airbaguri
- etc.
Roți iarnă în portbagaj
NU ESTE MAȘINA NOUA ! Prezintă mici urme de uzură , aferente vârstei.
Se pot scoate 3 rânduri de numere roșii .
Posibil transport pe platforma oriunde în țară , indiferent de distanță, doar cu plata contravalorii motorinei consumate !
MERITĂ VĂZUTĂ ! Preț f f f puțin neg.
Nu accept nici un fel de schimb !"
seat,Altea,1 500 €,1 890 cm³,105 CP,Diesel,Berlina,240 km,Gri,N/A,Manuala,"Seat Altea 2006,1.9 în stare buna,întreținută, în stare buna ,mai
multe detalii la nr de tel 07******38.Distributie schimbata,chit ambreiaj nou plus volanta."
seat,Alhambra,8 100 €,2 000 cm³,144 CP,Diesel,Monovolum,264 000 km,Negru,2013,Manuala,"Seat Alhambra an 2013 luna 8
•Cutie de viteze:  manuală 6+1
•Motorizare: 2000 cm3 Diesel
•Normă de poluare: EURO 5
•Rulaj: 264000
Opțiuni principate:
• Distronic Plus
• 7 locuri
Cîrlig remorcare
Trageria pe Cîrlig 2200 kg.
• Încălzire în scaune
• Scaune electrice cu memorie
Parbriz incalzit
• Climă pentru pasagerii din spate
• Faruri Bi-xenon
• Faza lungă automată
• Trapă panoramică
• Haion electric
• Triple full LED
• Keyless Entry
• Climă Digitală
• Triple Full LED (joc de lumini pe timp de noapte)
• Climatronic digital spate
• Încălzire în scaune față
• Lumini ambientale
• Jante Aluminiu
Usi culisante cu deschidere electrica
• Smart Link (Android Auto, Apple CarPlay)
• Lumini pentru faza scurtă/lungă automate
• Keyless Go
• Navigatie mare cu touch-screen
• Clima pe 4 zone
Parbriz încălzit
Perdelute
* Descrierea autovehicului este strict informativă, pot exista greșeli umane de tipar (optiuni, performanța a motorului, capacitate cilindrica, transmisie etc.)
In caz de nelămuriri cu privire la opțiunile prezentate, ne puteți contacta telefonic pentru detalii suplimentare.
Pret 8200 e
•Posibilitate de achiziție în rate prin TBI BANK.
Numere roși  la cerere
Trasport gratuit
Nu fac schimburi
Ofr mai multe poze la cerere"
seat,Ibiza,3 000 €,1 198 cm³,70 CP,Benzina,Break,227 934 km,Gri,2011,Manuala,"Seat Ibiza 2011 1.2 benzină 70 CP euro 5 break
5+1 viteze
Mașina este în bună stare de funcționare
Capacitate cilindrică 1198
An fabricație 2011
Mașina dispune de următoarele
- comenzi pe volan
- 2x geamuri electrice
- pilot automat
- ABS , ESP , ASR
- servo
- volan reglabil
- oglinzi reglaj electric + oglinzi încălzite
- sistem isofix ( prindere scaun copii )
- AC
- AUX
- cornering ( proiectoare )
Mașina este înmatriculată pe Sibiu
Fără schimburi sau variante  !!
Prețul este în euro 3700€
Prețul este negociabil"
seat,Ibiza,1 000 €,N/A,N/A,Benzina,Hatchback,950 km,Galben / Auriu,2005,Manuala,"De vânzare Seat Ibiza 2005, recent verificată."
seat,Leon,2 000 €,1 998 cm³,140 CP,Diesel,Hatchback,285 000 km,Negru,2006,Manuala,"Vand Seat Leon 2.0 BKD din 2006
Masina are urmatoarele dotari:
-Bixenon adaptiv(senzori ploaie,lumina)
-Climatronic
-Oglinzi rabatabile electric
-Senzori parcare spate
-Maxidot
-Pilot automat
-Volan piele cu comenzi
-Navigatie mare cu Android ( Carplay si Android Auto)
- Soft stage 1
Ca si defecte ar fi parbrizul fisurat si cateva urme de la grindina pe capota se poate observa in poze. Revizie efectuata la 282583KM. Masina se vinde cu alt set de jante."
seat,Exeo,3 499 €,2 000 cm³,143 CP,Diesel,Berlina,288 000 km,N/A,2011,Manuala,"* Seat Exeo ( Audi a4) 2.0 diesel
*  dubluclimatronic AC perfect funcțional!
* senzori parcare
* geamuri electrice x4
* oglinzi electrice și rabatabile electric
* proiectoare ceata
* întrare auxiliara usb Bluetooth
* cotiera fata și spate
* suport pahare fata și spate
* isofix
* indicator schimbare a vitezelor
* volan piele
* comenzi volan
* senzori presiune roti
* lumini automate
* pilot automat
* tempomat
* inserții lemn
* jante aliaj r 16 cauciucuri m+ s noi
* fără rugina fără probleme tehnice s au estetice
* interior curat fără defecte
* asigurare itp valabile
* distributie schimbata, discuri plăcute schimbate"
seat,Leon,8 300 €,1 965 cm³,184 CP,Diesel,Break,256 500 km,Alb,2015,Automata,"Vând Seat Leon FR sport tourer, an fabricație 2015, norma de poluare Euro 6 ( fără ad blue ), 184 cp, cutie automata DSG, motorizare 2.0 Diesel.
VIN: VSSZZZ5FZFR045411
Ca dotări:
- Seat sound sistem
- Cutie automata DSG
- Moduri de condus SPORT/ECO/INDIVIDUAL
- Line assist
- Faruri Matrix automate
- Follow me home
- Navigație touchscreen
- Clima pe 3 zone
- Interior piele+alcantara, încălzite
- Lumini ambientale adaptate modului de condus
- Oglinzi rabatabile din cheie si încălzite
- Jante originale FR 18’
- 2 chei
Prețul este 8.300 € ușor negociabil. Mașina poate fi văzută / probată în Cluj-Napoca.
Accept anumite schimburi în special cu Audi A4 B 8.5"
seat,Leon,3 400 €,1 995 cm³,180 CP,Diesel,Hatchback,280 000 km,Negru,2006,Manuala,"Vând Seat Leon 1P – 2.0 TDI BKD 140CP + Stage 1 (180CP)
An fabricație: 2006
Kilometraj: 280.000 km
Mașina se prezintă foarte bine, întreținută corespunzător, cu schimburi făcute la timp și fără investiții necesare.
Detalii tehnice și modificări:
•	Motor 2.0 TDI BKD – 140CP + Stage 1 la 180CP
•	Suspensie sport
•	Anvelope M+S Michelin Pilot Sport 4 pe jante R16, DOT 2021
•	Cutie manuală 6 trepte
Dotări:
•	Trapă panoramică
•	Climatronic pe 2 zone
•	Închidere centralizată
•	Geamuri electrice față/spate
•	Oglinzi electrice și încălzite
•	Computer de bord
Mașina merge foarte bine, este îngrijită și folosită zilnic. Se vinde pentru trecerea la un model mai nou.
Preț negociabil după vizionare/accept și schimburi cu BMW .
Pentru detalii suplimentare sau poze, mă puteți contacta în privat."
seat,Ibiza,4 190 €,1 200 cm³,105 CP,Benzina,Hatchback,217 000 km,Gri,2013,Manuala,"Se vinde :Seat Ibiza
*Fabricație - 11.2013
*Norma de poluare Euro 5
*Motorizare Benzină 1.2 Tsi 105 Cp
Motorizare Noua Euro 5 în 4 pistoane
*Proveniență Belgia
*Posibilitate numere roșii pe 90 zile
Dotări :
*Navigație Touchscreen
*Climatronic
*Scaune încălzite
*Senzori parcare
*Ieșire Auxiliar   - Usb
*Conexiune Bluetooth
*Computer Bord
*Volan piele cu comenzi volan
*Radio Cd - original Seat
*ABS /Esp
* Geamuri Electrice /Oglinzi electrice
*Inchidere centralizată  2 xchei
*Interior foarte bine intretinut
*Echipat cu gume iarnă M+S
Din punct de vedere mecanic mașina funcționează  foarte  bine(motor - cutie - ambreiaj - cutie motor - articulații)
*km 217.000 (se oferă seria sașiu pt verificare)
*Pentru detalii poze și video vă rog contactati 07********59."
seat,Cordoba,1 950 €,1 600 cm³,115 CP,GPL,Berlina,120 000 km,Gri,2009,Manuala,Vând Seat Cordoba din 2008 motor de 1600 benzină GPL omologat butelie în roata de rezervă. Geamuri oglinzi electrice AC închidere centralizată 2chei îngrijită arată și funcționează foarte bine. 120000 Km reali. Actele la zi Fiscal pe loc. Anvelope all sezon aproape noi. Preț 1950 euro negociabil
seat,Leon,3 850 €,1 798 cm³,160 CP,Benzina,Hatchback,189 324 km,Alb,2009,Manuala,"Seat Leon 1.8 Benzină – „Albă ca Zăpada” își caută o nouă casă!
Se vinde cu drag deoarece în familia noastră a venit „negruța”, așa că trebuie să ne despărțim de frumoasa Alba ca Zăpada.
An fabricație: 23.12.2008
Motor: 1.8 Benzină
Cutie viteze: Manuală
Dotări și echipamente:
Bluetooth
Navigație Android
Cameră pentru mers înapoi
Închidere centralizată
Aer condiționat funcțional
Oglinzi electrice, încălzite și heliomate
Interior bicolor
Dezaburire parbriz și lunetă
Jante aliaj + anvelope noi (august 2025)
Geamuri cu tentă fumurie
Comenzi pe volan
Computer de bord
ESP, ABS, Servodirecție
Suport pahare
Stare tehnică:
Autoturismul se prezintă în perfectă stare de funcționare
Schimb de ulei efectuat recent
ITP valabil până la 25.08.2026
Asigurare valabilă
Ofer fiscal pe loc
Nu se acceptă schimburi
Pentru detalii și informații suplimentare, vă rugăm să sunați."
seat,Alhambra,10 750 €,1 987 cm³,184 CP,Diesel,Hatchback,374 000 km,N/A,2016,Automata,"Seat Alhambra(7 locuri)
2016
Diesel 2.0 184cp
374000 km
Keyless go,keyless entry
Masina adusa personal din Viena
Automata,panoramic,usi electrice,haion electric
Scaune incalzite,piele alcantara
Camera mansalier
Senzori față-spate
Cui tractare
S3nzori lumini ploaie
Dublu climatronic
2 scaune care se transforma in scaun pt copii
Masina se prezinta in stare foarte  buna"
seat,Altea,3 990 €,1 390 cm³,122 CP,Benzina,Hatchback,160 000 km,Negru,2011,Manuala,"Vand Seat Altea, motorizare 1.4 TSi de 122CP, cutie manuala 6+1 trepte.
Interior foarte ingrijit si curat, masina cu unic proprietar din reprezentanta.
Cartea service este actualizata la zi, ultimul service a fost facut in Romania, in luna Martie cu acte doveditoare.
La masina s-au schimbat la ultimul service kit de distributie, filtru de ulei+aer+polen, placute+discuri pe fata.
Masina a avut TUV de Germania valabil pana in 2026.
Foliile pe spate sunt omologate si trecute in cartea de Romania si au omologare si pentru Germania!
Masina circula zilnic"
seat,Alhambra,3 300 €,1 900 cm³,116 CP,Diesel,Monovolum,321 000 km,Gri,2009,Manuala,"Anul fabricatiei 2009 în serie
Dublu climatronic
Pilot automat
Computer bord
4 geamuri electrice
Oglinzi electrice
Carlig remorcare
Jante aluminiu
7 locuri
Motor 1.9 tdi 116cp BVK
Fără filtru de particule de fabrica
Preț 3300€"
seat,Leon,6 950 €,1 600 cm³,110 CP,Diesel,Hatchback,229 000 km,Negru,2013,Manuala,"Seat Leon 1.6 TDI 110CP, anul fabricației 2013 , 229.000km
Mașina a fost adusă recent în țară în data de 09.09.2025 pe roți, rulează foarte bine, fără defecte de niciun fel, consum redus atât în urban cat și în exterior.
Anvelope pe R18 noi , cat și discurile și plăcuțele.
Dețin carte service cu istoricul km și reviziilor făcute în trecut, este o mașină îngrijită fără defecte ascunse.
Faruri full led
Navigație cu multe funcții
Climă pe 2 zone
Senzori parcare, luminia si ploaie
Bluetooth
etc
Mai multe detalii la telefon
Accept orice test"
seat,Exeo,6 600 €,1 998 cm³,143 CP,Diesel,Berlina,156 800 km,Negru,2010,Manuala,"Persoana fizica ofer spre vânzare seat exeo 2.0 tdi euro 5 143 cp 6 trepte climatronic funcțional geamuri electrice abs esp dpf activ 156800 km reali
Masina adusa de mine din Germania în urma cu trei ani
Consumabile la zi
Nu necesita investiți
Nu fac schimburi doar cash
Rog seriozitate răspund la telefon seara după 18:00"
seat,Leon,2 600 €,1 968 cm³,170 CP,Diesel,Hatchback,318 000 km,Negru,2006,Manuala,"Vând Seat LEON, prima înmatriculare Octombrie 2006
DEȚIN mașina din Martie 2023, sunt al DOILEA PROPRIETAR al mașinii în România, pentru cine dorește să verifice am atașat SERIE ȘASIU (VIN), iar mașina am cumpărat-o de la o cunoștință care a achiziționat-o din Germania în 2020 sau 2021, asta nu mai știu exact.
Accept orice VERIFICARE a mașinii!
Toate DOTĂRILE mașinii sunt FUNCȚIONALE! în afară de comenzile de pe volan pentru ca am schimbat casetofonul original al mașinii cu unul care are BLUETOOTH.
CONSUMABILELE AU FOST SCHIMBATE LA TIMP!
Revizie ulei+filtre IULIE 2025
Schimb Distribuție+pompa de apă FEBRUARIE 2024
ITP valabil APRILIE 2026
Motor fiabil, trage foarte bine (Stage 1 făcut corect în Germania) se mișcă excelent – cuplu foarte bun, reprize rapide, consum mic.
Cutie și ambreiaj în regulă, fără zgomote
DEFECTELE estetice se văd și în poze. TRIMIT POZE DETALIATE SI IN PRIVAT PENTRU CINE ESTE INTERESAT !
JANTE din aliaj R16 cu ANVELOPE de VARĂ, cele de pe fata sunt noi.
Ofer și JANTE de tabla R16 cu ANVELOPE de IARNĂ
Mașina se vinde pentru ca am achiziționat alta.
Motor: 2.0 TDI
CP: 170
An fabricație: 2006
Dotări:
Dublu climatronic/AC
Oglinzi laterale electrice și încălzite
Senzori parcare spate
Pilot automat
Senzori ploaie
Senzori lumini
Proiectoare ceață
Faruri daylight
4x geamuri electrice
CD player AUX/USB/BLUETOOTH"
seat,Mii,1 650 €,1 000 cm³,68 CP,Benzina,Hatchback,193 000 km,Albastru,2014,Manuala,"Proiect Seat mii .Renunț din lipsa de timp.
Clima,
Geamuri electrice ,
Scaune încălzite,
NCHIDERE  centralizata
Geamuri electrice.
Oglinzi electrice incalzite
2 chei ,una cu telecomanda.
Instalație de Gaz originala din fabrica. CNG.
Masina are 2 rezervoare
Unul de 11 kg de Gaz ~ 350 km autonomie
Unul de benzina 10 litri ~ 200 km autonomie.
Masina pornește pe Benzina și trece pe Gaz după o perioada de timp.Daca ramai fără Gaz trece pe Benzina."
seat,Leon,6 700 €,1 590 cm³,105 CP,Diesel,Hatchback,245 000 km,Alb,2014,Manuala,"Vând seat Leon 5F, 2014 , 1.6 TDI, 105 CP, Full Led, 245000 km
Cutie viteze manuala 5+1 trepte
Motor Diesel 1.6
Faruri full Led
Stopuri Led
Spalatoare faruri
Sistem navigație
Start/stop
Senzori lumina
Senzori ploaie
Faruri automate
Mp3, Aux , Bluetooth
Dublu Climatronic
Volan piele multifunctional
Pilot automat
Cotiera fata / spate
Computer de bord
4 Geamuri electrice
Oglinzi rabatabile electric
Senzori parcare fata/spate
ABS, ESP
12 X Air-bag
Inchidere centralizata
Jante aliaj originale R17
Geamuri fumurii de fabrica"
seat,Altea,1 650 €,1 598 cm³,N/A,Benzina,Monovolum,258 214 km,Rosu,2007,Manuala,"Seat Altea
Motor 1.6 benzină
Cutie manuala
An fabricație 2007
-Clima
-Pilot Automta
-Geamuri electrice
-Jante Aliaj
Acte la zi fiscal pe loc
Preț: 1650€
posibil variante la 2000€"
seat,Exeo,3 990 €,1 798 cm³,160 CP,Benzina,Berlina,N/A,N/A,2011,Manuala,"Descriere
seat exeo
Motor 1.8 benzina
CUTIE VITEZE 6+1 TREPTE
Putere 160 cp
Km reali 202000
Aer conditionat
Tapiterie piele
Incalzire in scaune
JANTE ALIAJ 17
GEAMURI OGLINZI ELECTRICE
FARURI AUTOMATE
SENZORI LUMINI
SENZORI PLOAIE"
seat,Altea XL,5 000 €,1 200 cm³,105 CP,Benzina,Monovolum,175 000 km,Negru,2011,Manuala,"De vanzare Seat Altea XL Ecomotive, echipare Copa, an fab 2011, 1,2tsi, 105cp, km reali 175000, nu accept autoturism la schimb."
seat,Cordoba,1 250 €,1 900 cm³,N/A,Diesel,Berlina,260 000 km,Verde,2006,Manuala,"Vând Seat Cordoba cu motor de 1.9 SDI – foarte fiabil și economic, cu un consum de doar 4.5% în oraș.
An fabricație 2006, normă de poluare Euro 4.
Mașina are toate taxele valabile, inclusiv fiscal pe loc.
Aspectul este bun pentru vârsta mașinii, cu mici retușuri estetice făcute anterior.
Funcționează impecabil din punct de vedere tehnic.
Dotări:
4 geamuri electrice
Oglindă electrică
Aer condiționat (perfect funcțional – rece/cald)
Computer de bord
Sistem ISOFIX pentru scaun copil
Închidere centralizată
Cauciucuri de iarnă noi
Alte informații:
Mașina se vinde doar cu perfectarea actelor pe loc.
Preț: 1250 EUR, ușor negociabil."
seat,Ibiza,2 600 €,1 598 cm³,105 CP,Diesel,Coupe,170 071 km,Gri,2010,Manuala,"Seat Ibiza 1.6 TDI 105 CP – Coupe – Recent adusă din Germania
Vând Seat Ibiza 1.6 TDI, an fabricație 2010, motor diesel 105 CP, euro 5, caroserie SC (coupé, 3 uși).
Mașina este recent adusă din Germania, în stare tehnică foarte bună.
Kilometraj: 170.000 km reali
Cutie manuală 5 trepte
Aer condiționat funcțional
Geamuri electrice față
Faruri de ceață cu funcție de viraj
Frâne noi (plăcuțe + discuri schimbate recent)
Consum foarte mic – ideală pentru oraș și drumuri scurte
Masina nu a fost inca inmatriculata in Romania
Mașina arată și funcționează excelent, perfectă pentru cine caută o mașină economică, fiabilă și ușor de întreținut.
Se poate verifica oriunde, inclusiv la service.
Preț: 2.600 € negociabil
Locație: Bunesti, jud. Brasov"
seat,Ibiza,3 450 €,1 599 cm³,90 CP,Diesel,Hatchback,214 273 km,Alb,2010,Manuala,"Seat Ibiza 1.6 TDI – 90 CP, 5 viteze – Euro 5
~ Motor fiabil, consum redus de combustibil – doar 5% motorină
~ Ideală pentru navetă sau pentru începători
~ Nu s-au scos numere Rosi
Dotări și confort:
•	Climatronic funcțional, rece și cald
•	Pilot automat
•	Computer de bord
•	Comenzi pe volan pentru Radio/CD
•	Scaune față încălzite, reglabile pe înălțime
•	Volan din piele, reglabil
•	4 geamuri electrice
•	Închidere centralizată cu telecomandă
•	Interior curat și întreținut
•	Banchetă spate rabatabilă
•	Proiectoare ceață
•	Funcție Daylight (lumini automate pe timp de zi)
•	Asistență la schimbarea treptelor de viteză
Siguranță:
•	ABS, ESP
•	Airbag-uri frontale și laterale
•	Servodirecție asistată electronic
•	Senzori presiune roți
•	Oglinzi electrice încălzite
Altele:
•	Echipată cu anvelope NOI
•	Stare perfectă de funcționare
•	Culoare: Alb
€ PREȚ NEGOCIABIL!"
seat,Exeo,3 250 €,2 000 cm³,N/A,Diesel,Berlina,N/A,Rosu,2012,Manuala,"Vând seat exeo 2.0
An fabricație 2012  !
Mai multe detalii la telefon"
seat,Leon,2 299 €,1 600 cm³,102 CP,Benzina,Hatchback,239 000 km,Gri,2007,Manuala,"Se vinde Seat Leon 1P din 2007, 1.6 benzina, cod motor BSE, 102 CP.
Masina a fost condusa de mama mea si prezinta mici semne de uzura pe caroserie.
Se vinde cu 2 seturi de roti - cele de vara, din imagine si un set de iarna
Bonus: un kit de mentenanta cu ulei si filtre pentru urmatoarea revizie.
Pretul este usor negociabil, doar la fata locului. Se poate vedea in Nehoiu, judetul Buzau.
Nu sunt interesat de schimburi.
Serie de caroserie pentru verificare: vsszzz1pz7r026692"
seat,Leon,3 850 €,1 995 cm³,170 CP,Diesel,Hatchback,320 km,Negru,2008,Manuala,"Seat Leon FR
Motor 2.0 TDI - 170 CP
An Fabricație : 2008
KM in crestere : 320.000
Auto înmatriculat Ro !
Dotări:
Bi - Xenon
4xGeamuri Electrice
Dublu Climatronic
Comenzi Volan
Pilot Automat
Computer Bord
Oglinzi Electrice - Încălzite
Senzor presiune roți
2 Chei
Rezervă completă
etc
Preț :3.990 € sau variante"
seat,Leon,3 950 €,1 600 cm³,105 CP,Diesel,Hatchback,158 000 km,Negru,2011,Manuala,"Masina conform pozelor atașate, km reali, 158.000 km, egr schimbat recent cu factura, filtru particule activ...nu are nicio problemă."
seat,Ibiza,5 000 lei,1 198 cm³,N/A,Benzina,Berlina,220 000 km,Albastru,2004,Manuala,"De vânzare Seat Ibiza
An de fabricație 2004
Motor 1.2 benzină
Dotări:
Geamuri electrice, AC, senzori de parcare spate, geamuri fumurii omologate, cauciucuri de iarnă noi .
Mașina arată și merge foarte bine, nu are nicio problemă!
Se poate vedea și proba in comuna Sadu, judetul Sibiu.
PREȚ 1000 Euro
Pentru mai multe detalii sunați la nr. de tel. 07******39"
seat,Exeo,2 750 €,2 000 cm³,143 CP,Diesel,Berlina,225 000 km,Negru,2012,Manuala,"Vand Seat Exeo, anul 2012, motor 2.0 TDI, 143 CP, 225.000 km reali
Cutie manuala 6+1 trepte, clima functionabila, jante aluminiu, scaune de piele, inmatriculata.
ARE VOLAN PE DREAPTA, trebuie schimbat calculatorul de bord (este ars, calculatorul din podul pedalier nu recunoaște cheia, geamurile și portbagajul nu se deschid), in rest nu are probleme, merge foarte bine.
Masina se poate vedea si testa doar in orasul Bacau."
seat,Ibiza,3 200 €,1 598 cm³,77 CP,Diesel,Hatchback,165 000 km,Rosu,2011,Manuala,"Vând  Seat Ibiza . Al doilea proprietar, stare foarte bună. Detalii  la nr. de tel 07******33."
seat,Leon,2 500 €,1 800 cm³,180 CP,Benzina,Hatchback,230 000 km,Rosu,2005,Manuala,"Seat leon 1m
FR-fabrica,1.8turbo in masina s-au investit banii ,nervi ,timp
masina prezinta un defect major ( cutia/volanta sparta ) -de aceea si pretul aferent.
S-a ratat o treapta de viteza si a cazut aceasta problema.
Se vinde din motive personale,nu o mai repar,sa se bucure altcineva de ea cu un minim de investitie ( masina sta de 6 luni )
Actele sunt in regula (talon,carte,imatriculata pe numele meu )
Nu mai are asigurare si ITP
Modificari ( stage 1++,turbo -k04,traseu intercooler (Aluminiu+inox) ,intake 100mm,blow off,map 4 bari etc,oil catch-can,mai sunt de spus dar le putem discuta telefonic )
Multumesc!"
seat,Ibiza,2 050 €,1 400 cm³,75 CP,Benzina,Hatchback,138 000 km,Rosu,2006,Manuala,"Vând SEAT Ibiza 1.4 benzină, an 2006, 138.000 km.
Stare din punct de vedere al motorului foarte bună, s-a efectuat o revizie majoră care include schimbarea uleiului de motor, a tuturor filtrelor (ulei, aer, polen, carburant), s-a schimbat lichidul de frână, plăcuțele și discurile de frână, lichidul de răcire, lichidul de servodirecție, cureaua de transmisie, s-a încărcat cu freon instalația de aer condiționat.
Are baterie nouă cu garanție și s-a făcut distribuția motorului. Mașina trage și rulează foarte bine. Din punct de vedere estetic prezintă zgârieturi datorate neatenției fara sa fi suferit vreun accident.
A mai fost efectuată o curățare interioară detaliată într-un centru de specialitate.
Are preșuri, tavă portbagaj, huse, schimbător de viteze cu nucă, toate noi.
Pentru cineva care vrea o mașină pusă la punct și cu care să se deplaseze zi de zi, cu un consum de 6,5, este o mașină perfectă și în stare foarte bună de funcționare.
Pentru mai multe detalii mă puteți contacta la nr. de telefon 07******69 (Cătălin).
Nu accept schimburi, rog seriozitate."
seat,Exeo,4 400 €,1 995 cm³,143 CP,Diesel,Break,265 000 km,Alb,2012,Manuala,"Vând Seat Exeo ST (model break), motorizare 2.0 TDI, 143 CP, fabricat în 2011. Mașina are 251.000 km reali și este foarte bine întreținută, atât tehnic cât și estetic.Vopsita alb perlat și plafon negru jante 17 cu cauciucuri noi.Atentie ambreaj și volanta nou cu acte doveditoare
Dotări principale:
•	Climatronic pe două zone
•	Pilot automat (cruise control)
•	Geamuri electrice față-spate
•	Oglinzi electrice și încălzite
•	Senzori de parcare spate
•	Proiectoare ceață
•	Computer de bord
•	Sistem audio jbl
•	Bare longitudinale pe plafon
•	Interior curat, nefumător
Stare tehnică foarte bună:
•	Motor 2.0 TDI, 143 CP – consum redus (~5.5 l/100 km)
•	Cutie de viteze manuală, fără probleme
•	Distribuție schimbată la timp
•	Revizii efectuate regulat (ulei, filtre)
•	ITP valabil
Mașina are toate actele în regulă și este pregătită pentru noul proprietar.
mai multe detalii la telefon 07******91"
seat,Leon,11 990 €,2 000 cm³,150 CP,Diesel,Break,230 000 km,Alb,2018,Automata,"Accept variante auto
SEAT LEON XPERIENCE
An de fabricație: 2018
Motor: 2.0 Motorina
Putere: 150 CP
Kilometri: 230000
Transmisie: Automată
Sistem media cu touchscreen SD Card
USB Bluetooth Auxiliar
Clima pe 2 zone
Închidere centralizată
4x Geamuri electrice
Oglinzi reglabile electric + încălzite
Volan din piele + comenzi
Pilot automat
Distronic
Faruri automate MATRIX
Proiectoare ceață
Computer de bord
Frâna de mână electrică
Auto hold
Senzori parcare spate
Senzori parcare față
Jante din aliaj pe R17
SEAT LEON XPERIENCE
An de fabricație: 2018
Motor: 2.0 Motorina
Putere: 150 CP
Kilometri: 230000
Transmisie: Automată
Sistem media cu touchscreen SD Card
USB Bluetooth Auxiliar
Clima pe 2 zone
Închidere centralizată
4x Geamuri electrice
Oglinzi reglabile electric + încălzite
Volan din piele + comenzi
Pilot automat
Faruri automate MATRIX
Proiectoare ceață
Computer de bord
Frâna de mână electrică
Auto hold
Senzori parcare spate
Senzori parcare față
Jante din aliaj pe R17
Alltrack
Scout
Allroad
4matic
4motion
Preț: 13.990 EURO
NUMERE PROVIZORII GRATUIT
LEASING FINANCIAR
RATE CU BULETINUL
SE ACCEPTA INCLUSIV PERSOANE CU PROBLEME ÎN BIROUL DE CREDIT SAU CONTRACT DE MUNCĂ ÎN STRĂINĂTATE
ACCEPTĂM BUY-BACK
ADUCEM MAȘINI LA COMANDĂ DIN U.E ȘI U.S.A CU AVANS DE 30%!
GARANTIE"
seat,Leon,2 800 €,1 968 cm³,140 CP,Diesel,Hatchback,299 000 km,Negru,2007,Manuala,"De vanzare Seat Leon tip 1P, motor 2.0TDI 140cp cod motor BMM, an fabricatie 2007, manuala 6 trepte, 5 usi
Dotari:
- Dublu climatronic functional
- Proiectoare ceata
- Faruri automate
- Senzori presiune pneuri
- 4 geamuri electrice
- Radio CD
- Oglinzi reglabile si rabatabile electric
- 2 seturi jante (jante aliaj+anvelope vara, jante tabla+anvelope iarna)
- DPF activ
- Etrieri spate reconditionati
- Aripile fata schimbate si pragurile refacute si revopsite pentru rugina
- Volanta + kit ambreiaj noi montate in 11.2025, burduf planetare si ulei+filtre (factura de 800€)
Masina personala, in stare general buna, nu bate nimic, accelereaza foarte liniar iar cutia schimba bine. ITP 06.2026, asigurare valabila, ofer fiscal pe loc. Estetic prezinta cateva defecte minore (zgarieturi, indoituri mici) insa nimic grav. Masina se deplaseaza pe orice distanta! Mai multe detalii pot oferi telefonic. Pretul este usor negociabil, masina se poate vedea in Targu Mures.
Accept si unele schimburi cu masini mai noi + diferenta din partea mea!
Similar Volkswagen Golf 5, Volkswagen Passat, Skoda Octavia"
seat,Leon,3 450 €,1 600 cm³,105 CP,Diesel,Break,226 000 km,Negru,2012,Manuala,"Seat Leon editie Copa, 2012, motor 1,6 diesel. Masina personala ingrijita. Stare tehnica buna, estetic mici defecte conform varstei.
Dotari: comenzi volan, pilot automat, geamuri electrice, oglinzi electrice si incalzite, navigatie, usb si bluetooth, senzori parcare, senzori ploaie, faruri automate cu lumini de zi, senzori presiune roti, pilot automat, clima duala, incalzire scaune fata, oglinda retrovizoare electrica, Head up Display HUD, cârlig de remorcare, folie omologata geamuri spate.
Schimburi făcute la zi. Detalii la telefon."
seat,Ibiza,4 600 €,1 390 cm³,90 CP,Benzina,Hatchback,167 000 km,Gri,2012,Manuala,"Seat Ibiza 1.4 mpi 90cv  an 2012 luna a 6 a.
167 000km
ITP valabil până la data de 18.07.2026.
Doua seturi de roti ,vara și iarna in stare bună.
Tableta cu camera marșarier și senzori parcare,a.c .
Distribuția a fost schimbată în 2021 la 151 000 km.
Mașina este ținută în garaj și este în stare foarte bună de funcționare.
Se poate vedea in Bragadiru judetul Teleorman.
Telefon 0 *************** 2"
seat,Ibiza,1 000 €,1 400 cm³,54 CP,Diesel,Hatchback,260 000 km,Alb,2007,Manuala,"An fabricație 2007, 1400 cc, diesel, in circulație,  acte în  regulă.  Prețul de vânzare 5.000 lei, negociabil."
seat,Exeo,7 200 €,1 800 cm³,120 CP,Benzina,Berlina,151 169 km,Negru,2011,Manuala,"Seat exeo 2011
Motor 1.8 tdi 120 cai
Benzină euro5
Manuală 6 Trepte
Km 151169
Faruri Bi-xenon Adaptive
Spălător faruri
Senzori ploaie
Senzori lumini
Senzori parcare
Senzori presiune roti
Fallow Leaving Me Home
Oglinzi electrice și rabatabile
Oglinda interioara cu estompare
Geamuri electrice și încălzite
Volan reglabil
Comenzi volan /Comanda vocala
Computer bord
Clima pe 2 zone
Navigație mare  originală
Pilot automat
Bluetooth.Radio.Mp3.Aux.Telefon
Afișaj temperatura
Încălzire în scaune
2 chei
Tracțiune față
Jenti aluminiu cu cauciucuri de vară
Și un set de jante de tablă cu cauciucuri de iarnă aproape noi
Abs
Închidere centralizată
Faruri ceata
Servo direcție
Suport pahare
Isofix
Cotiere fata spate
Asistenta la schimbarea treptelor de viteza
Stopuri full led
Interior curat
Mașină personala adusă de mine din GERMANIA
Primul proprietar pe carte în România"
seat,Leon,7 490 €,1 999 cm³,184 CP,Diesel,Break,211 000 km,Gri,2015,Manuala,"Vând Leon adus din Germania,cumpărat de la proprietar
2.0TDI 184cp Cupa(fără Adblue),manual 6+1
rulează perfect,fără rugină,tobe curate-DPF activ
Ca dotări se remarcă prin:
*faruri Matrix full Led
*triple led
*interior piele Alcantara
*scaune încălzite
*oglinzi retractabile electric
*volan sport din piele,multifuncțional
*Klimatronic
*Line Assist
*navi
*sistem muzical Seat Sound
*pilot automat
*senzori parcare față+spate
*lumini automate
*2 cotiere
*jante AL R18
*geamuri ionizate
mai multe detalii sau poze/video la nr.: 0766""470""523"
seat,Toledo,1 000 €,1 968 cm³,175 CP,Diesel,Berlina,302 400 km,Negru,2005,Manuala,"An 2005
Spațios
Consum mic 6-7% oraș
175 cp (soft)
Mici defecte estetice conform vârstei și prețului
Merge bine ,îți faci treaba cu ea .
Itp valabil până în 25.08.2026
2 rânduri de jante iarnă vară
Trebuie schimbat mânerul ușa șofer .
Schimbat ulei plus filtre motor de aproximativ 4000 km
1000 euro preț fix"
seat,Leon,6 490 €,1 600 cm³,110 CP,Diesel,Break,294 000 km,Argintiu,2014,Manuala,"Seat leon 2014 bussiness line
- motor 1.6 tdi 110 pk
- cutie manuala 6+1
-294.000 km reali verification
-Senzori parcare, lumini, ploaie
-Jante aliaj 16"" cu cauciucuri de iarna
-Climatronic, 4 geamuri electrice , oglinzi electrice, protectors, carlig remorcare, 12 airbaguri
- Faruri cu led fata spate
Recent adusa din Olanda , numerele de export sunt valabile pana pe 03.12.2025
Pret 6490 euro"
seat,Ibiza,3 200 €,1 199 cm³,75 CP,Diesel,Hatchback,198 000 km,N/A,2011,Manuala,"Seat Ibiza
2011
1.2tdi 75cp
Euro5
Aer condiționat
Computer bord
Pilot automat
Radio Cd
Aux
Start stop
Inchidere centralizata
Geamuri electrice
Oglinzi electrice
Volan piele reglabil
Comenzi volan
Jante aliaj Rotor -cauciucuri bune
Roata rezerva
Abs
Esp
Servodirectie
Import Olanda
3499euro
Targu Neamț"
seat,Ibiza,800 €,1 400 cm³,N/A,Benzina,Hatchback,195 000 km,Rosu,2003,Manuala,"Seat Ibita 2003
Motor benzina 1.4,km 195000
Asigurare si Itp valabile
5 jenti aluminiu si 5 jenti tabla
Stare buna de funtionare
Pret 800 euro"
seat,Ibiza,10 500 €,999 cm³,110 CP,Benzina,Berlina,83 000 km,Rosu,2022,Automata,"Aer conditionat cu reglare manuala
Airbag-uri frontale sofer si pasager,
cu posibilitate de dezactivare airbag pasager
Airbag-uri laterale pentru sofer si
pasager, airbag-uri cortina
Anvelope va si iarna folosite 2 ani, adica se mai pot folosi cel putin inca 2 ani.
Avertizare necuplare centuri de
siguranta pentru toate locurile
Bancheta spate cu spatar rabatabil
asimetric
Bare de protectie vopsite in culoarea
caroseriei
Carcase oglinzi exterioare si manere
portiere vopsite in culoarea caroseriei
Centuri de siguranta in 3 puncte pentru
toate locurile
Computer de bord
Covorase fata/spate
Cruise control
Detector de oboseala
Digital Cockpit (tablou de bord digital
cu ecran TFT de 8"")
E-Call (serviciu de asistenta in caz de
urgenta)
ESC (sistem pentru controlul
stabilitatii)
Faruri Full LED ""ECO""
Filtru pentru praf si polen
Frane spate cu disc
Front Assist, cu functie de franare
automata in caz de urgenta si avertizare prezenta
pietoni
Geamuri fata actionate electric
Hill Hold (asistare la demarajul din
rampa)
Imobizilator electronic
Inchidere centralizata cu telecomanda
Jante aliaj 15"" Enjoy
Lane Assist (sistem mentinere banda de
circulatie)
Limitator de viteza
Media System
- Touch screen color cu diagonala de 8.25” (21 cm)
- Radio cu tuner FM/AM si receptopr digital (DAB)
- Bluetooth (sistem pentru conectare telefon mobil,
streaming audio)
- 2xUSB tip C
- 6 difuzoare
Monitorizare presiune pneuri
Oglinzi exterioare actionate electric
Parasolar sofer cu card holder si
oglinda si parasolar pasager
Priza 12V in consola centrala fata
Reglaj electric faruri
Reglaj manual pe inaltime scaun sofer
Roata de rezerva de dimensiuni
reduse
SEAT Connect se poate activa pentru accesul pe telefon contra cost 135 lei/an
- Safety & Service
- Remote access (servicii acces de la distanta
Senzor de lumina
Senzori de parcare spate
Servodirectie
Sistem de franare automata ""Multi
Collision Brake""
Sistem Isofix cu Top Tether pentru
ancorarea a doua scaune de copii pe bancheta din
spate, lateral
Sistem spalare luneta
Sistem Start&Stop cu recuperarea
energiei la franare
Stergator parbriz cu temporizare
Suport pentru pahar in consola
centrala fata
Tetiere fata ajustabile pe inaltime
Tetiere spate (3)
Cotiera
Trusa de scule si cric
Trusa medicala de prim-ajutor, stingator
de incendiu, triunghi reflectorizant
Volan multifunctional cu control pentru
computerul de bord, sistemul audio, telefon
Volan reglabil vertical si axial
Masina condusa de 1 singura persoana
Masina este inmatriculata pe firma.
Toate schimburile de consumabile au fost facute doar la reprezentanta si se pot oferi facturile.
Geamuri cu folie spate si luneta omologate
TVA ul este inclus in pret"
seat,Ibiza,8 350 €,999 cm³,95 CP,Benzina,Hatchback,177 058 km,N/A,2017,Manuala,"De vanzare Seeat Ibiza 1.0 TSI benzina
An fabricatie 2017
Importata din Belgia in luna octombrie 2025.
Faruri full LED , proiectoare ceata
Stopuri LED
Navigatie mare
Climatronic
Keyless entry / go
Pornire la buton
4x geamuri electrice
Oglinzi electrice si rabatabile electric
Comenzi pe volan
Distronic / ACC"
seat,Ibiza,2 790 €,1 199 cm³,75 CP,Diesel,Break,182 846 km,Alb,2012,Manuala,"Vând Seat Ibiza ST 1.2 TDI Style Ecomotive FACELIFT
Economic, fiabil și perfect pentru oraș sau drumuri lungi.
Standard de emisii: Euro 5!
ATENTIE ! ! !
Nu este inmatriculata !
Nu sau scos nr rosii !
-import Olanda nu au fost scoase numere roșii.
Multiple piese schimbate :
-ambrea+voltanta
-distributia
Carlig nou
-etc…
Dotări principale:
-computer bord
-tempomat
-volan piele
-inchidere și deschidere geamuri din cheie
-geamuri electrice fata /spate
-oglinzi electrice încălzite
-senzori presiune roti
-jante aliaj
-oglinzi electrice încălzite
-Navigație mare cu BLUETOOTH
- Aer condiționat funcțional
-Servodirecție
-Computer de bord
-Închidere centralizată
-START / STOP la semafor cu recuperare energie
-cruise control
-carlig remorcare
-etc…
- Stare foarte buna de funcționare (porneste ușor la rece/cald,Nu bate volanta ,Nu scoate fum)"
seat,Leon,2 300 €,2 000 cm³,140 CP,Diesel,Hatchback,286 600 km,Negru,2006,Manuala,"Se vinde.
Dotari:
-naviatie vw
-camera marșarier
Fara schimb.
Pret negociabil."
seat,Leon,2 500 €,1 595 cm³,105 CP,Benzina,Hatchback,300 000 km,Rosu,2007,Manuala,"Vând Seat Leon 2007 1.p
Mașină are pachet JE DESIGN(praguri.,prelungire bara tips tobă)
Jante R18 tot je design. (omologate în talon)
Navigație android 12
Geamuri fumuri omologate
Bara fata schimbata personal de FR
Volan sport
Comenzi volan
ESP TCS ABS FRÂNE FATA SPATE PE DISC
Motor 1.6 mpi
Km 300000mi
Patru geamuri electrice, oglinzi rabatabile. Incalzire în oglinzi
La motor s au schimbat bobine fise buji acum 10k km distribuție schimbata la 20 k km
Itp valabil pana pe 10 07 2026
Primu proprietar dețin fiscal se va da în ziua respectiva vânzări s au a 2 zi
07******50"
